ID	lgth	out	in	long_cov	short1_cov	short1_Ocov	short2_cov	short2_Ocov	long_nb	short1_nb	short2_nb
1	13411	1	2	0.000000	24.931996	24.810230	0.000000	0.000000	0	2005	0
2	2	1	2	0.000000	57.000000	57.000000	0.000000	0.000000	0	31	0
3	4	1	2	0.000000	94.750000	94.750000	0.000000	0.000000	0	50	0
4	1	1	4	0.000000	314.000000	314.000000	0.000000	0.000000	0	160	0
5	1	1	3	0.000000	596.000000	596.000000	0.000000	0.000000	0	290	0
6	0	2	2	Inf	Inf	Inf	Inf	Inf	0	307	0
7	2	4	1	0.000000	595.000000	465.500000	0.000000	0.000000	0	294	0
8	1	2	1	0.000000	79.000000	45.000000	0.000000	0.000000	0	40	0
9	76	1	1	0.000000	25.697368	25.697368	0.000000	0.000000	0	31	0
10	56739	2	1	0.000000	13.542273	13.490774	0.000000	0.000000	0	2454	0
11	29	1	1	0.000000	3.103448	3.103448	0.000000	0.000000	0	3	0
12	1	1	3	0.000000	46.000000	46.000000	0.000000	0.000000	0	27	0
13	1	1	4	0.000000	85.000000	85.000000	0.000000	0.000000	0	41	0
14	18	1	2	0.000000	89.388889	89.388889	0.000000	0.000000	0	47	0
15	5	2	2	0.000000	99.800000	99.800000	0.000000	0.000000	0	49	0
16	400	1	1	0.000000	94.012500	84.892500	0.000000	0.000000	0	174	0
17	310	2	2	0.000000	106.619355	83.190323	0.000000	0.000000	0	172	0
18	2	2	1	0.000000	87.000000	87.000000	0.000000	0.000000	0	35	0
19	1	2	1	0.000000	84.000000	84.000000	0.000000	0.000000	0	35	0
20	1	2	1	0.000000	80.000000	80.000000	0.000000	0.000000	0	34	0
21	1	2	1	0.000000	17.000000	17.000000	0.000000	0.000000	0	10	0
22	1	2	1	0.000000	14.000000	14.000000	0.000000	0.000000	0	8	0
23	28	1	1	0.000000	3.750000	3.750000	0.000000	0.000000	0	4	0
24	71187	1	2	0.000000	12.577128	12.576257	0.000000	0.000000	0	2449	0
25	10206	1	1	0.000000	12.568685	12.568685	0.000000	0.000000	0	360	0
26	24069	1	1	0.000000	12.300719	12.300719	0.000000	0.000000	0	837	0
27	29	1	1	0.000000	3.551724	3.551724	0.000000	0.000000	0	3	0
28	12771	1	2	0.000000	12.577167	12.577167	0.000000	0.000000	0	450	0
29	46	3	2	0.000000	49.913043	49.913043	0.000000	0.000000	0	35	0
30	9876	1	1	0.000000	12.644795	12.644795	0.000000	0.000000	0	344	0
31	1	1	3	0.000000	230.000000	230.000000	0.000000	0.000000	0	108	0
32	1	2	7	0.000000	603.000000	455.000000	0.000000	0.000000	0	309	0
33	1	2	1	0.000000	224.000000	169.000000	0.000000	0.000000	0	100	0
34	1	2	1	0.000000	199.000000	144.000000	0.000000	0.000000	0	80	0
35	1	6	1	0.000000	185.000000	96.000000	0.000000	0.000000	0	87	0
36	1	2	1	0.000000	19.000000	19.000000	0.000000	0.000000	0	8	0
37	59	1	1	0.000000	10.050847	10.050847	0.000000	0.000000	0	5	0
38	2	2	2	0.000000	28.000000	28.000000	0.000000	0.000000	0	9	0
39	2	2	3	0.000000	41.000000	41.000000	0.000000	0.000000	0	11	0
40	2	2	1	0.000000	27.000000	27.000000	0.000000	0.000000	0	8	0
41	33064	1	1	0.000000	12.562545	12.562545	0.000000	0.000000	0	1131	0
42	9418	1	1	0.000000	12.680081	12.670100	0.000000	0.000000	0	326	0
43	11	1	2	0.000000	28.090909	28.090909	0.000000	0.000000	0	10	0
44	1	1	2	0.000000	39.000000	39.000000	0.000000	0.000000	0	17	0
45	55	2	2	0.000000	50.327273	50.327273	0.000000	0.000000	0	46	0
46	1767	1	1	0.000000	12.813243	12.813243	0.000000	0.000000	0	65	0
47	1	3	1	0.000000	38.000000	38.000000	0.000000	0.000000	0	9	0
48	2341	1	1	0.000000	12.297309	12.297309	0.000000	0.000000	0	84	0
49	3865	1	1	0.000000	12.535576	12.535576	0.000000	0.000000	0	135	0
50	133	1	2	0.000000	137.917293	137.917293	0.000000	0.000000	0	121	0
51	644	2	2	0.000000	150.108696	141.054348	0.000000	0.000000	0	402	0
52	112	1	1	0.000000	140.875000	140.875000	0.000000	0.000000	0	120	0
53	5	2	2	0.000000	145.600000	145.600000	0.000000	0.000000	0	61	0
54	254	4	1	0.000000	140.803150	139.035433	0.000000	0.000000	0	193	0
55	1616	1	1	0.000000	12.240718	12.240718	0.000000	0.000000	0	59	0
56	1	1	3	0.000000	42.000000	42.000000	0.000000	0.000000	0	18	0
57	676	2	3	0.000000	88.223373	88.223373	0.000000	0.000000	0	337	0
58	625	3	1	0.000000	76.049600	76.049600	0.000000	0.000000	0	244	0
59	31502	1	1	0.000000	12.540696	12.540696	0.000000	0.000000	0	1093	0
60	3	1	2	0.000000	31.666667	31.666667	0.000000	0.000000	0	10	0
61	17	1	3	0.000000	125.705882	125.705882	0.000000	0.000000	0	59	0
62	3	2	1	0.000000	105.333333	99.666667	0.000000	0.000000	0	52	0
63	2	2	1	0.000000	27.500000	27.500000	0.000000	0.000000	0	14	0
64	15544	1	1	0.000000	12.516083	12.516083	0.000000	0.000000	0	536	0
65	2	1	2	0.000000	26.000000	26.000000	0.000000	0.000000	0	6	0
66	1	1	4	0.000000	61.000000	61.000000	0.000000	0.000000	0	18	0
67	6	3	2	0.000000	70.833333	70.833333	0.000000	0.000000	0	20	0
68	1	2	1	0.000000	37.000000	37.000000	0.000000	0.000000	0	12	0
69	11	1	1	0.000000	11.636364	11.636364	0.000000	0.000000	0	5	0
70	1	1	1	0.000000	26.000000	26.000000	0.000000	0.000000	0	14	0
71	1	2	2	0.000000	42.000000	42.000000	0.000000	0.000000	0	19	0
72	1	2	1	0.000000	26.000000	26.000000	0.000000	0.000000	0	14	0
73	32	1	1	0.000000	12.375000	12.375000	0.000000	0.000000	0	6	0
74	14810	1	1	0.000000	12.537002	12.537002	0.000000	0.000000	0	508	0
75	1	1	3	0.000000	52.000000	52.000000	0.000000	0.000000	0	27	0
76	1	4	1	0.000000	526.000000	100.000000	0.000000	0.000000	0	256	0
77	1	5	1	0.000000	535.000000	29.000000	0.000000	0.000000	0	246	0
78	20007	1	1	0.000000	12.598940	12.598940	0.000000	0.000000	0	690	0
79	1	2	2	0.000000	25.000000	25.000000	0.000000	0.000000	0	8	0
80	327	1	1	0.000000	11.633028	11.633028	0.000000	0.000000	0	15	0
81	16394	1	1	0.000000	12.573259	12.573259	0.000000	0.000000	0	562	0
82	1225	3	2	0.000000	65.325714	65.325714	0.000000	0.000000	0	371	0
83	21049	1	1	0.000000	12.533850	12.529289	0.000000	0.000000	0	727	0
84	3	2	2	0.000000	22.000000	22.000000	0.000000	0.000000	0	12	0
85	27167	1	1	0.000000	12.593588	12.593588	0.000000	0.000000	0	939	0
86	1	1	2	0.000000	28.000000	28.000000	0.000000	0.000000	0	14	0
87	1	2	5	0.000000	160.000000	90.000000	0.000000	0.000000	0	71	0
88	4	2	1	0.000000	149.500000	102.500000	0.000000	0.000000	0	68	0
89	1	2	1	0.000000	29.000000	29.000000	0.000000	0.000000	0	8	0
90	9527	1	1	0.000000	12.535636	12.535636	0.000000	0.000000	0	327	0
91	11	1	2	0.000000	24.636364	24.636364	0.000000	0.000000	0	14	0
92	153	2	1	0.000000	26.450980	23.869281	0.000000	0.000000	0	29	0
93	3405	1	1	0.000000	12.585609	12.585609	0.000000	0.000000	0	122	0
94	1	2	2	0.000000	26.000000	26.000000	0.000000	0.000000	0	12	0
95	3911	1	1	0.000000	12.519560	12.519560	0.000000	0.000000	0	139	0
96	16299	1	1	0.000000	12.555924	12.555924	0.000000	0.000000	0	561	0
97	8	2	2	0.000000	28.000000	28.000000	0.000000	0.000000	0	9	0
98	3182	1	1	0.000000	12.491515	12.491515	0.000000	0.000000	0	113	0
99	26732	1	1	0.000000	12.570141	12.570141	0.000000	0.000000	0	917	0
100	5	2	2	0.000000	26.600000	26.600000	0.000000	0.000000	0	7	0
101	6022	1	1	0.000000	12.620226	12.620226	0.000000	0.000000	0	212	0
102	1100	1	1	0.000000	12.602727	12.602727	0.000000	0.000000	0	40	0
103	13120	1	1	0.000000	12.553506	12.553506	0.000000	0.000000	0	454	0
104	69	1	2	0.000000	73.057971	32.550725	0.000000	0.000000	0	21	0
105	1	1	3	0.000000	101.000000	101.000000	0.000000	0.000000	0	30	0
106	1	3	1	0.000000	415.000000	142.000000	0.000000	0.000000	0	74	0
107	1	3	1	0.000000	101.000000	73.000000	0.000000	0.000000	0	33	0
108	34	1	1	0.000000	60.735294	40.205882	0.000000	0.000000	0	16	0
109	6713	1	1	0.000000	12.532698	12.532698	0.000000	0.000000	0	233	0
110	2	3	2	0.000000	35.000000	35.000000	0.000000	0.000000	0	15	0
111	5128	1	1	0.000000	12.558307	12.558307	0.000000	0.000000	0	183	0
112	23304	1	1	0.000000	12.597065	12.597065	0.000000	0.000000	0	800	0
113	1	1	2	0.000000	115.000000	28.000000	0.000000	0.000000	0	43	0
114	1	1	3	0.000000	135.000000	48.000000	0.000000	0.000000	0	50	0
115	1	1	3	0.000000	161.000000	74.000000	0.000000	0.000000	0	58	0
116	6	2	2	0.000000	170.833333	93.500000	0.000000	0.000000	0	62	0
117	1	2	1	0.000000	156.000000	82.000000	0.000000	0.000000	0	53	0
118	1	2	1	0.000000	142.000000	67.000000	0.000000	0.000000	0	48	0
119	1	2	1	0.000000	61.000000	33.000000	0.000000	0.000000	0	25	0
120	36	1	1	0.000000	13.916667	13.916667	0.000000	0.000000	0	5	0
121	1	1	2	0.000000	264.000000	163.000000	0.000000	0.000000	0	87	0
122	1	4	5	0.000000	544.000000	199.000000	0.000000	0.000000	0	225	0
123	1	2	2	0.000000	183.000000	90.000000	0.000000	0.000000	0	105	0
124	1	2	1	0.000000	29.000000	29.000000	0.000000	0.000000	0	15	0
125	6788	1	1	0.000000	12.662640	12.662640	0.000000	0.000000	0	241	0
126	1	1	2	0.000000	32.000000	32.000000	0.000000	0.000000	0	17	0
127	1	1	4	0.000000	201.000000	165.000000	0.000000	0.000000	0	95	0
128	79	1	1	0.000000	11.607595	11.607595	0.000000	0.000000	0	7	0
129	10319	1	1	0.000000	12.563814	12.563814	0.000000	0.000000	0	356	0
130	94	2	2	0.000000	22.138298	14.446809	0.000000	0.000000	0	12	0
131	101	1	1	0.000000	9.534653	9.534653	0.000000	0.000000	0	7	0
132	73032	1	1	0.000000	12.587291	12.587291	0.000000	0.000000	0	2513	0
133	12801	1	1	0.000000	12.520819	12.520819	0.000000	0.000000	0	446	0
134	1	3	2	0.000000	64.000000	64.000000	0.000000	0.000000	0	32	0
135	3	2	2	0.000000	38.000000	38.000000	0.000000	0.000000	0	23	0
136	1	1	1	0.000000	23.000000	23.000000	0.000000	0.000000	0	11	0
137	2	3	2	0.000000	125.500000	125.500000	0.000000	0.000000	0	63	0
138	1	3	1	0.000000	78.000000	78.000000	0.000000	0.000000	0	35	0
139	1	2	1	0.000000	25.000000	25.000000	0.000000	0.000000	0	11	0
140	27038	1	1	0.000000	12.566869	12.563207	0.000000	0.000000	0	931	0
141	238	2	2	0.000000	22.558824	15.739496	0.000000	0.000000	0	46	0
142	859	1	1	0.000000	13.589057	13.589057	0.000000	0.000000	0	36	0
143	13	2	2	0.000000	23.615385	23.615385	0.000000	0.000000	0	17	0
144	106	1	1	0.000000	12.877358	12.877358	0.000000	0.000000	0	8	0
145	45	2	2	0.000000	25.155556	25.155556	0.000000	0.000000	0	16	0
146	39312	1	1	0.000000	12.565196	12.565196	0.000000	0.000000	0	1354	0
147	3	2	1	0.000000	20.333333	20.333333	0.000000	0.000000	0	11	0
148	2859	1	1	0.000000	12.447359	12.447359	0.000000	0.000000	0	99	0
149	1315	2	3	0.000000	37.303422	37.303422	0.000000	0.000000	0	146	0
150	1	2	1	0.000000	24.000000	24.000000	0.000000	0.000000	0	7	0
151	2447	1	1	0.000000	12.807519	12.807519	0.000000	0.000000	0	91	0
152	51	2	2	0.000000	19.921569	19.921569	0.000000	0.000000	0	8	0
153	2729	1	1	0.000000	12.715647	12.715647	0.000000	0.000000	0	96	0
154	46	2	3	0.000000	60.478261	60.478261	0.000000	0.000000	0	26	0
155	69	1	1	0.000000	11.666667	11.666667	0.000000	0.000000	0	4	0
156	5	1	2	0.000000	27.400000	27.400000	0.000000	0.000000	0	9	0
157	2	2	1	0.000000	54.500000	54.500000	0.000000	0.000000	0	18	0
158	68	1	1	0.000000	13.352941	13.352941	0.000000	0.000000	0	6	0
159	46	2	3	0.000000	75.891304	75.891304	0.000000	0.000000	0	35	0
160	2	2	1	0.000000	49.000000	49.000000	0.000000	0.000000	0	14	0
161	10	1	1	0.000000	26.800000	26.800000	0.000000	0.000000	0	9	0
162	24	2	2	0.000000	51.583333	48.666667	0.000000	0.000000	0	20	0
163	7	2	2	0.000000	50.714286	50.714286	0.000000	0.000000	0	16	0
164	2	2	1	0.000000	36.000000	36.000000	0.000000	0.000000	0	12	0
165	10	1	1	0.000000	25.500000	25.500000	0.000000	0.000000	0	10	0
166	7	2	1	0.000000	41.857143	27.714286	0.000000	0.000000	0	14	0
167	17019	1	1	0.000000	12.529467	12.529467	0.000000	0.000000	0	589	0
168	1	2	1	0.000000	129.000000	129.000000	0.000000	0.000000	0	63	0
169	1	2	1	0.000000	120.000000	120.000000	0.000000	0.000000	0	57	0
170	2	2	2	0.000000	118.500000	118.500000	0.000000	0.000000	0	58	0
171	2	2	1	0.000000	103.500000	103.500000	0.000000	0.000000	0	53	0
172	1	2	1	0.000000	94.000000	94.000000	0.000000	0.000000	0	48	0
173	5	2	1	0.000000	82.200000	82.200000	0.000000	0.000000	0	48	0
174	1	2	1	0.000000	53.000000	53.000000	0.000000	0.000000	0	30	0
175	2	2	1	0.000000	44.500000	44.500000	0.000000	0.000000	0	26	0
176	1	2	1	0.000000	39.000000	39.000000	0.000000	0.000000	0	21	0
177	7	2	1	0.000000	27.857143	27.857143	0.000000	0.000000	0	12	0
178	977	1	1	0.000000	12.183214	12.183214	0.000000	0.000000	0	40	0
179	2	1	2	0.000000	22.000000	22.000000	0.000000	0.000000	0	10	0
180	1	2	4	0.000000	369.000000	79.000000	0.000000	0.000000	0	122	0
181	1	3	4	0.000000	462.000000	103.000000	0.000000	0.000000	0	170	0
182	9839	1	1	0.000000	12.595081	12.595081	0.000000	0.000000	0	335	0
183	11442	1	1	0.000000	12.274777	12.274777	0.000000	0.000000	0	368	0
184	12	2	2	0.000000	19.916667	19.916667	0.000000	0.000000	0	4	0
185	7122	1	1	0.000000	11.867313	11.867313	0.000000	0.000000	0	195	0
186	5	2	2	0.000000	32.200000	32.200000	0.000000	0.000000	0	14	0
187	11	2	1	0.000000	22.000000	22.000000	0.000000	0.000000	0	6	0
188	16	2	2	0.000000	32.437500	21.750000	0.000000	0.000000	0	15	0
189	25	2	1	0.000000	24.920000	14.120000	0.000000	0.000000	0	16	0
190	10	1	1	0.000000	13.000000	13.000000	0.000000	0.000000	0	4	0
191	17	2	2	0.000000	24.470588	24.470588	0.000000	0.000000	0	14	0
192	3	1	1	0.000000	13.000000	13.000000	0.000000	0.000000	0	5	0
193	24708	1	1	0.000000	12.582079	12.582079	0.000000	0.000000	0	848	0
194	4699	1	1	0.000000	12.458395	12.458395	0.000000	0.000000	0	166	0
195	1	1	2	0.000000	28.000000	28.000000	0.000000	0.000000	0	11	0
196	1	2	2	0.000000	41.000000	41.000000	0.000000	0.000000	0	16	0
197	55785	1	1	0.000000	12.536040	12.536040	0.000000	0.000000	0	1916	0
198	318	1	1	0.000000	12.603774	12.603774	0.000000	0.000000	0	15	0
199	1169	1	1	0.000000	12.799829	12.799829	0.000000	0.000000	0	47	0
200	1	1	2	0.000000	22.000000	22.000000	0.000000	0.000000	0	16	0
201	1	1	2	0.000000	145.000000	41.000000	0.000000	0.000000	0	30	0
202	1	1	3	0.000000	174.000000	70.000000	0.000000	0.000000	0	38	0
203	2	1	2	0.000000	206.000000	64.000000	0.000000	0.000000	0	54	0
204	1	2	1	0.000000	48.000000	48.000000	0.000000	0.000000	0	33	0
205	7312	1	1	0.000000	12.569612	12.569612	0.000000	0.000000	0	252	0
206	5	3	2	0.000000	118.000000	41.200000	0.000000	0.000000	0	14	0
207	14	1	1	0.000000	27.785714	27.785714	0.000000	0.000000	0	8	0
208	1	1	2	0.000000	42.000000	42.000000	0.000000	0.000000	0	16	0
209	3	1	4	0.000000	100.666667	100.666667	0.000000	0.000000	0	51	0
210	36	1	1	0.000000	39.500000	28.361111	0.000000	0.000000	0	20	0
211	4	1	3	0.000000	64.750000	41.000000	0.000000	0.000000	0	46	0
212	7	1	1	0.000000	88.571429	26.428571	0.000000	0.000000	0	46	0
213	11218	1	1	0.000000	12.468265	12.468265	0.000000	0.000000	0	384	0
214	1	2	2	0.000000	32.000000	32.000000	0.000000	0.000000	0	10	0
215	1	1	2	0.000000	31.000000	31.000000	0.000000	0.000000	0	15	0
216	2	2	1	0.000000	327.000000	40.000000	0.000000	0.000000	0	297	0
217	10332	1	1	0.000000	12.616241	12.616241	0.000000	0.000000	0	361	0
218	1	1	2	0.000000	28.000000	28.000000	0.000000	0.000000	0	9	0
219	1	1	3	0.000000	93.000000	93.000000	0.000000	0.000000	0	46	0
220	1	1	3	0.000000	112.000000	112.000000	0.000000	0.000000	0	57	0
221	1	1	3	0.000000	158.000000	158.000000	0.000000	0.000000	0	80	0
222	1	1	4	0.000000	224.000000	224.000000	0.000000	0.000000	0	120	0
223	1	2	2	0.000000	235.000000	235.000000	0.000000	0.000000	0	121	0
224	1	2	1	0.000000	57.000000	57.000000	0.000000	0.000000	0	35	0
225	56	1	1	0.000000	48.178571	23.285714	0.000000	0.000000	0	47	0
226	1	1	1	0.000000	172.000000	172.000000	0.000000	0.000000	0	89	0
227	1	2	3	0.000000	198.000000	198.000000	0.000000	0.000000	0	97	0
228	1	2	1	0.000000	186.000000	186.000000	0.000000	0.000000	0	85	0
229	1	2	1	0.000000	155.000000	155.000000	0.000000	0.000000	0	78	0
230	1	2	1	0.000000	146.000000	146.000000	0.000000	0.000000	0	74	0
231	1	2	1	0.000000	140.000000	140.000000	0.000000	0.000000	0	69	0
232	2	2	1	0.000000	53.000000	53.000000	0.000000	0.000000	0	17	0
233	5358	1	1	0.000000	12.509892	12.509892	0.000000	0.000000	0	183	0
234	10	2	2	0.000000	20.700000	20.700000	0.000000	0.000000	0	12	0
235	24705	1	1	0.000000	12.550051	12.550051	0.000000	0.000000	0	847	0
236	2	1	2	0.000000	27.000000	27.000000	0.000000	0.000000	0	12	0
237	1	4	4	0.000000	549.000000	170.000000	0.000000	0.000000	0	237	0
238	1	2	2	0.000000	88.000000	88.000000	0.000000	0.000000	0	40	0
239	1	2	1	0.000000	53.000000	40.000000	0.000000	0.000000	0	12	0
240	11	2	1	0.000000	29.272727	29.272727	0.000000	0.000000	0	8	0
241	1781	1	1	0.000000	12.660865	12.660865	0.000000	0.000000	0	67	0
242	5	2	2	0.000000	25.000000	25.000000	0.000000	0.000000	0	9	0
243	9854	1	1	0.000000	12.561904	12.561904	0.000000	0.000000	0	345	0
244	20	2	2	0.000000	23.400000	23.400000	0.000000	0.000000	0	16	0
245	35	1	1	0.000000	11.514286	11.514286	0.000000	0.000000	0	6	0
246	1	1	3	0.000000	44.000000	44.000000	0.000000	0.000000	0	30	0
247	1	1	2	0.000000	57.000000	57.000000	0.000000	0.000000	0	32	0
248	9	1	2	0.000000	83.333333	74.333333	0.000000	0.000000	0	54	0
249	83	2	2	0.000000	94.554217	85.530120	0.000000	0.000000	0	89	0
250	3019	2	1	0.000000	88.644584	84.152700	0.000000	0.000000	0	1479	0
251	38	1	1	0.000000	19.710526	19.710526	0.000000	0.000000	0	9	0
252	147	2	1	0.000000	48.870748	39.061224	0.000000	0.000000	0	67	0
253	136	1	1	0.000000	24.860294	22.757353	0.000000	0.000000	0	22	0
254	1706	2	2	0.000000	87.821805	82.485346	0.000000	0.000000	0	844	0
255	183	2	1	0.000000	52.573770	43.672131	0.000000	0.000000	0	85	0
256	28438	1	1	0.000000	12.605844	12.605844	0.000000	0.000000	0	987	0
257	163	2	2	0.000000	25.141104	25.141104	0.000000	0.000000	0	20	0
258	5355	1	1	0.000000	12.421475	12.421475	0.000000	0.000000	0	192	0
259	6	2	2	0.000000	44.333333	44.333333	0.000000	0.000000	0	6	0
260	2	1	1	0.000000	30.000000	30.000000	0.000000	0.000000	0	5	0
261	2572	1	1	0.000000	12.641524	12.641524	0.000000	0.000000	0	90	0
262	217	1	1	0.000000	12.175115	12.175115	0.000000	0.000000	0	11	0
263	417	1	1	0.000000	12.822542	12.822542	0.000000	0.000000	0	17	0
264	13	2	2	0.000000	25.923077	25.923077	0.000000	0.000000	0	14	0
265	178	1	1	0.000000	13.971910	13.971910	0.000000	0.000000	0	11	0
266	214	1	1	0.000000	11.116822	11.116822	0.000000	0.000000	0	9	0
267	8	2	2	0.000000	23.375000	23.375000	0.000000	0.000000	0	15	0
268	439	1	1	0.000000	12.501139	12.501139	0.000000	0.000000	0	17	0
269	136	1	1	0.000000	12.948529	12.948529	0.000000	0.000000	0	8	0
270	97	2	2	0.000000	23.546392	18.783505	0.000000	0.000000	0	26	0
271	115	1	1	0.000000	12.095652	12.095652	0.000000	0.000000	0	9	0
272	5	2	2	0.000000	30.800000	30.800000	0.000000	0.000000	0	15	0
273	773	1	1	0.000000	12.203105	12.203105	0.000000	0.000000	0	28	0
274	183	1	1	0.000000	13.453552	13.453552	0.000000	0.000000	0	10	0
275	5995	1	1	0.000000	12.663887	12.663887	0.000000	0.000000	0	209	0
276	148	2	2	0.000000	27.439189	19.635135	0.000000	0.000000	0	31	0
277	1164	1	1	0.000000	12.170103	12.170103	0.000000	0.000000	0	38	0
278	303	2	2	0.000000	26.755776	15.135314	0.000000	0.000000	0	49	0
279	4360	1	1	0.000000	12.728899	12.728899	0.000000	0.000000	0	151	0
280	226	1	1	0.000000	12.769912	12.769912	0.000000	0.000000	0	11	0
281	10	2	2	0.000000	20.700000	20.700000	0.000000	0.000000	0	12	0
282	2726	1	1	0.000000	12.748716	12.748716	0.000000	0.000000	0	98	0
283	30	2	2	0.000000	25.966667	25.966667	0.000000	0.000000	0	17	0
284	8269	1	1	0.000000	12.483251	12.483251	0.000000	0.000000	0	290	0
285	14103	1	1	0.000000	12.575906	12.575906	0.000000	0.000000	0	487	0
286	1	1	1	0.000000	416.000000	56.000000	0.000000	0.000000	0	48	0
287	9586	1	1	0.000000	12.601294	12.601294	0.000000	0.000000	0	326	0
288	81	2	1	0.000000	39.456790	17.641975	0.000000	0.000000	0	20	0
289	136	1	1	0.000000	25.044118	16.500000	0.000000	0.000000	0	19	0
290	8	1	2	0.000000	38.500000	34.375000	0.000000	0.000000	0	13	0
291	49	2	2	0.000000	49.714286	49.714286	0.000000	0.000000	0	22	0
292	10	1	1	0.000000	11.100000	11.100000	0.000000	0.000000	0	4	0
293	16544	1	1	0.000000	12.579364	12.579364	0.000000	0.000000	0	568	0
294	41	1	1	0.000000	11.560976	11.560976	0.000000	0.000000	0	6	0
295	7293	1	1	0.000000	12.664061	12.664061	0.000000	0.000000	0	253	0
296	35453	1	1	0.000000	12.584746	12.584746	0.000000	0.000000	0	1219	0
297	1	2	3	0.000000	35.000000	35.000000	0.000000	0.000000	0	9	0
298	60	1	1	0.000000	12.566667	12.566667	0.000000	0.000000	0	5	0
299	60	2	2	0.000000	37.200000	10.433333	0.000000	0.000000	0	14	0
300	61	1	1	0.000000	14.606557	14.606557	0.000000	0.000000	0	5	0
301	61	1	1	0.000000	11.934426	11.934426	0.000000	0.000000	0	10	0
302	1	2	2	0.000000	27.000000	27.000000	0.000000	0.000000	0	5	0
303	61	1	1	0.000000	13.655738	13.655738	0.000000	0.000000	0	5	0
304	61	1	1	0.000000	10.967213	10.967213	0.000000	0.000000	0	6	0
305	1	2	1	0.000000	24.000000	24.000000	0.000000	0.000000	0	6	0
306	1	2	2	0.000000	23.000000	23.000000	0.000000	0.000000	0	6	0
307	16402	1	1	0.000000	12.579259	12.579259	0.000000	0.000000	0	566	0
308	7	2	2	0.000000	67.428571	67.428571	0.000000	0.000000	0	31	0
309	1	2	1	0.000000	53.000000	53.000000	0.000000	0.000000	0	20	0
310	1	2	1	0.000000	44.000000	44.000000	0.000000	0.000000	0	12	0
311	3	2	1	0.000000	28.000000	28.000000	0.000000	0.000000	0	7	0
312	9284	1	1	0.000000	12.543947	12.543947	0.000000	0.000000	0	322	0
313	1	2	2	0.000000	28.000000	28.000000	0.000000	0.000000	0	7	0
314	121	1	1	0.000000	13.462810	13.462810	0.000000	0.000000	0	7	0
315	13624	1	1	0.000000	12.624633	12.624633	0.000000	0.000000	0	474	0
316	2	1	2	0.000000	73.500000	23.000000	0.000000	0.000000	0	10	0
317	27996	1	1	0.000000	12.603729	12.600514	0.000000	0.000000	0	952	0
318	0	2	3	Inf	Inf	Inf	Inf	Inf	0	80	0
319	1	2	1	0.000000	110.000000	14.000000	0.000000	0.000000	0	23	0
320	2	1	3	0.000000	87.000000	13.000000	0.000000	0.000000	0	40	0
321	4	1	1	0.000000	39.000000	39.000000	0.000000	0.000000	0	14	0
322	1	2	2	0.000000	51.000000	51.000000	0.000000	0.000000	0	23	0
323	2	2	1	0.000000	27.500000	27.500000	0.000000	0.000000	0	15	0
324	1405	1	1	0.000000	12.716726	12.716726	0.000000	0.000000	0	50	0
325	16	2	2	0.000000	45.625000	45.625000	0.000000	0.000000	0	20	0
326	35	2	1	0.000000	33.885714	33.600000	0.000000	0.000000	0	11	0
327	57	1	1	0.000000	24.982456	16.842105	0.000000	0.000000	0	10	0
328	2	1	2	0.000000	40.000000	40.000000	0.000000	0.000000	0	11	0
329	48701	1	1	0.000000	12.597113	12.597113	0.000000	0.000000	0	1683	0
330	2	1	2	0.000000	28.500000	28.500000	0.000000	0.000000	0	16	0
331	14858	1	1	0.000000	12.645713	12.645713	0.000000	0.000000	0	509	0
332	29790	1	1	0.000000	12.566331	12.566331	0.000000	0.000000	0	1023	0
333	1	2	2	0.000000	71.000000	26.000000	0.000000	0.000000	0	51	0
334	114	1	1	0.000000	11.491228	11.491228	0.000000	0.000000	0	10	0
335	1	1	3	0.000000	38.000000	38.000000	0.000000	0.000000	0	12	0
336	1	1	3	0.000000	243.000000	63.000000	0.000000	0.000000	0	43	0
337	1	2	2	0.000000	252.000000	73.000000	0.000000	0.000000	0	23	0
338	3595	1	1	0.000000	12.603338	12.603338	0.000000	0.000000	0	129	0
339	2	1	1	0.000000	29.000000	29.000000	0.000000	0.000000	0	10	0
340	1	2	2	0.000000	49.000000	49.000000	0.000000	0.000000	0	22	0
341	1	1	1	0.000000	34.000000	34.000000	0.000000	0.000000	0	18	0
342	10	1	2	0.000000	45.000000	45.000000	0.000000	0.000000	0	21	0
343	2	3	2	0.000000	56.000000	56.000000	0.000000	0.000000	0	27	0
344	23938	1	1	0.000000	12.585387	12.585387	0.000000	0.000000	0	824	0
345	0	2	1	Inf	Inf	Inf	Inf	Inf	0	100	0
346	1188	1	1	0.000000	12.452862	12.452862	0.000000	0.000000	0	46	0
347	4	1	2	0.000000	56.500000	32.500000	0.000000	0.000000	0	24	0
348	6	2	2	0.000000	72.500000	64.500000	0.000000	0.000000	0	36	0
349	4	2	1	0.000000	64.000000	52.500000	0.000000	0.000000	0	32	0
350	42	2	1	0.000000	45.809524	27.476190	0.000000	0.000000	0	26	0
351	2	2	1	0.000000	22.000000	22.000000	0.000000	0.000000	0	9	0
352	11387	1	1	0.000000	12.548345	12.548345	0.000000	0.000000	0	394	0
353	8	2	3	0.000000	47.250000	47.250000	0.000000	0.000000	0	30	0
354	1	2	1	0.000000	29.000000	29.000000	0.000000	0.000000	0	16	0
355	36	1	1	0.000000	13.888889	13.888889	0.000000	0.000000	0	6	0
356	11205	1	1	0.000000	12.603838	12.603838	0.000000	0.000000	0	389	0
357	3	2	2	0.000000	183.333333	30.333333	0.000000	0.000000	0	61	0
358	4391	1	1	0.000000	12.585288	12.585288	0.000000	0.000000	0	158	0
359	2	1	1	0.000000	10.500000	10.500000	0.000000	0.000000	0	5	0
360	1	1	2	0.000000	35.000000	35.000000	0.000000	0.000000	0	18	0
361	1	2	2	0.000000	45.000000	45.000000	0.000000	0.000000	0	25	0
362	3334	1	1	0.000000	12.275945	12.275945	0.000000	0.000000	0	116	0
363	8595	1	1	0.000000	12.622688	12.622688	0.000000	0.000000	0	298	0
364	64	2	2	0.000000	27.484375	27.484375	0.000000	0.000000	0	20	0
365	3969	1	1	0.000000	12.706727	12.706727	0.000000	0.000000	0	140	0
366	4	2	2	0.000000	22.000000	22.000000	0.000000	0.000000	0	12	0
367	126	1	1	0.000000	13.968254	13.968254	0.000000	0.000000	0	9	0
368	15622	1	1	0.000000	12.582640	12.582640	0.000000	0.000000	0	534	0
369	4	3	1	0.000000	78.250000	78.250000	0.000000	0.000000	0	42	0
370	1	2	1	0.000000	43.000000	43.000000	0.000000	0.000000	0	20	0
371	1	3	1	0.000000	32.000000	32.000000	0.000000	0.000000	0	13	0
372	8306	1	1	0.000000	12.724055	12.724055	0.000000	0.000000	0	293	0
373	11009	1	1	0.000000	12.535471	12.535471	0.000000	0.000000	0	383	0
374	9	2	2	0.000000	27.222222	27.222222	0.000000	0.000000	0	9	0
375	17	1	1	0.000000	14.176471	14.176471	0.000000	0.000000	0	5	0
376	83	1	1	0.000000	13.301205	13.301205	0.000000	0.000000	0	9	0
377	35334	1	1	0.000000	12.560876	12.559999	0.000000	0.000000	0	1209	0
378	1	1	2	0.000000	33.000000	33.000000	0.000000	0.000000	0	17	0
379	7145	1	1	0.000000	12.571589	12.571589	0.000000	0.000000	0	252	0
380	20	2	2	0.000000	23.000000	23.000000	0.000000	0.000000	0	9	0
381	146	1	1	0.000000	11.006849	11.006849	0.000000	0.000000	0	8	0
382	50	2	2	0.000000	27.840000	16.720000	0.000000	0.000000	0	13	0
383	160	1	1	0.000000	12.881250	12.881250	0.000000	0.000000	0	8	0
384	145	1	1	0.000000	11.572414	11.572414	0.000000	0.000000	0	8	0
385	8005	1	1	0.000000	12.623860	12.623860	0.000000	0.000000	0	279	0
386	1	1	4	0.000000	392.000000	82.000000	0.000000	0.000000	0	178	0
387	2	1	2	0.000000	430.500000	89.000000	0.000000	0.000000	0	199	0
388	4	2	1	0.000000	21.750000	21.750000	0.000000	0.000000	0	12	0
389	12402	1	1	0.000000	12.506773	12.506773	0.000000	0.000000	0	433	0
390	1009	1	1	0.000000	12.609514	12.609514	0.000000	0.000000	0	39	0
391	2	1	2	0.000000	27.000000	27.000000	0.000000	0.000000	0	13	0
392	753	1	1	0.000000	13.444887	13.444887	0.000000	0.000000	0	30	0
393	13830	1	1	0.000000	12.528850	12.528850	0.000000	0.000000	0	475	0
394	71	1	1	0.000000	13.394366	13.394366	0.000000	0.000000	0	4	0
395	16	1	2	0.000000	24.500000	24.500000	0.000000	0.000000	0	7	0
396	2	7	2	0.000000	612.000000	37.000000	0.000000	0.000000	0	298	0
397	4	2	1	0.000000	36.500000	21.250000	0.000000	0.000000	0	14	0
398	3274	1	1	0.000000	12.551619	12.551619	0.000000	0.000000	0	112	0
399	4958	1	1	0.000000	12.592981	12.592981	0.000000	0.000000	0	180	0
400	1	2	3	0.000000	42.000000	42.000000	0.000000	0.000000	0	18	0
401	15557	1	1	0.000000	12.541171	12.541171	0.000000	0.000000	0	539	0
402	4	2	2	0.000000	26.000000	26.000000	0.000000	0.000000	0	13	0
403	5662	1	1	0.000000	12.645885	12.645885	0.000000	0.000000	0	195	0
404	2	2	2	0.000000	22.500000	22.500000	0.000000	0.000000	0	8	0
405	8835	1	1	0.000000	12.597284	12.597284	0.000000	0.000000	0	310	0
406	1	3	1	0.000000	126.000000	126.000000	0.000000	0.000000	0	80	0
407	23	2	1	0.000000	92.304348	14.608696	0.000000	0.000000	0	25	0
408	17	1	1	0.000000	10.823529	10.823529	0.000000	0.000000	0	4	0
409	13	2	2	0.000000	25.000000	25.000000	0.000000	0.000000	0	10	0
410	1	1	1	0.000000	14.000000	14.000000	0.000000	0.000000	0	4	0
411	76	1	1	0.000000	13.500000	13.500000	0.000000	0.000000	0	6	0
412	76	2	2	0.000000	36.776316	26.710526	0.000000	0.000000	0	12	0
413	37	1	1	0.000000	24.837838	16.837838	0.000000	0.000000	0	6	0
414	26812	1	1	0.000000	12.610846	12.610846	0.000000	0.000000	0	933	0
415	21236	1	1	0.000000	12.604634	12.604634	0.000000	0.000000	0	728	0
416	12177	1	1	0.000000	12.510306	12.505215	0.000000	0.000000	0	414	0
417	35022	1	1	0.000000	12.657587	12.657587	0.000000	0.000000	0	1214	0
418	1	3	1	0.000000	77.000000	74.000000	0.000000	0.000000	0	36	0
419	1	2	1	0.000000	23.000000	23.000000	0.000000	0.000000	0	7	0
420	25344	1	1	0.000000	12.542929	12.542929	0.000000	0.000000	0	876	0
421	3	2	2	0.000000	24.333333	24.333333	0.000000	0.000000	0	9	0
422	49	1	1	0.000000	12.183673	12.183673	0.000000	0.000000	0	7	0
423	25	1	2	0.000000	35.960000	29.600000	0.000000	0.000000	0	12	0
424	4	2	1	0.000000	40.250000	40.250000	0.000000	0.000000	0	9	0
425	37	1	1	0.000000	27.135135	27.135135	0.000000	0.000000	0	7	0
426	2	2	1	0.000000	96.500000	66.500000	0.000000	0.000000	0	50	0
427	22872	1	1	0.000000	12.573190	12.573190	0.000000	0.000000	0	789	0
428	14	2	2	0.000000	22.785714	22.785714	0.000000	0.000000	0	14	0
429	8026	1	1	0.000000	12.576626	12.576626	0.000000	0.000000	0	284	0
430	60	2	2	0.000000	37.716667	37.716667	0.000000	0.000000	0	31	0
431	108	1	1	0.000000	11.000000	11.000000	0.000000	0.000000	0	7	0
432	98	1	1	0.000000	10.132653	10.132653	0.000000	0.000000	0	3	0
433	9	2	2	0.000000	26.222222	26.222222	0.000000	0.000000	0	13	0
434	45	1	1	0.000000	12.266667	12.266667	0.000000	0.000000	0	2	0
435	55	2	2	0.000000	80.745455	64.563636	0.000000	0.000000	0	79	0
436	305	1	1	0.000000	39.590164	38.327869	0.000000	0.000000	0	89	0
437	86	2	1	0.000000	39.755814	32.965116	0.000000	0.000000	0	45	0
438	41199	1	1	0.000000	12.566689	12.566689	0.000000	0.000000	0	1409	0
439	1037	2	2	0.000000	25.580521	24.455159	0.000000	0.000000	0	134	0
440	10596	1	1	0.000000	12.528501	12.528501	0.000000	0.000000	0	363	0
441	842	1	1	0.000000	12.224466	12.224466	0.000000	0.000000	0	29	0
442	22143	1	1	0.000000	12.582712	12.582712	0.000000	0.000000	0	767	0
443	62	1	1	0.000000	12.419355	12.419355	0.000000	0.000000	0	5	0
444	7630	1	1	0.000000	12.638925	12.638925	0.000000	0.000000	0	265	0
445	48	1	1	0.000000	10.041667	10.041667	0.000000	0.000000	0	4	0
446	2	1	2	0.000000	18.000000	18.000000	0.000000	0.000000	0	8	0
447	1	2	1	0.000000	87.000000	87.000000	0.000000	0.000000	0	52	0
448	2	3	1	0.000000	73.500000	73.500000	0.000000	0.000000	0	43	0
449	3	3	1	0.000000	40.333333	40.333333	0.000000	0.000000	0	23	0
450	35301	1	1	0.000000	12.567576	12.567576	0.000000	0.000000	0	1209	0
451	7	2	2	0.000000	19.428571	19.428571	0.000000	0.000000	0	7	0
452	15683	1	1	0.000000	12.567812	12.560862	0.000000	0.000000	0	543	0
453	19842	1	1	0.000000	12.524645	12.524645	0.000000	0.000000	0	692	0
454	1	1	3	0.000000	39.000000	34.000000	0.000000	0.000000	0	18	0
455	8389	1	1	0.000000	12.645369	12.645369	0.000000	0.000000	0	292	0
456	74	1	1	0.000000	12.608108	12.608108	0.000000	0.000000	0	5	0
457	5756	1	1	0.000000	12.465080	12.465080	0.000000	0.000000	0	200	0
458	10206	1	1	0.000000	12.627180	12.627180	0.000000	0.000000	0	358	0
459	1	1	2	0.000000	23.000000	23.000000	0.000000	0.000000	0	9	0
460	1	1	2	0.000000	34.000000	34.000000	0.000000	0.000000	0	13	0
461	11	2	2	0.000000	47.090909	47.090909	0.000000	0.000000	0	24	0
462	10527	1	1	0.000000	12.563978	12.563978	0.000000	0.000000	0	366	0
463	165	1	2	0.000000	41.012121	27.672727	0.000000	0.000000	0	32	0
464	891	2	1	0.000000	37.746352	35.005612	0.000000	0.000000	0	102	0
465	114	1	1	0.000000	21.947368	21.947368	0.000000	0.000000	0	12	0
466	661	1	2	0.000000	38.836611	30.875946	0.000000	0.000000	0	76	0
467	2	2	2	0.000000	48.500000	23.000000	0.000000	0.000000	0	7	0
468	307	2	1	0.000000	36.618893	30.319218	0.000000	0.000000	0	39	0
469	107	1	1	0.000000	24.925234	24.925234	0.000000	0.000000	0	12	0
470	403	1	2	0.000000	36.625310	33.694789	0.000000	0.000000	0	50	0
471	375	2	2	0.000000	64.370667	39.413333	0.000000	0.000000	0	87	0
472	1022	1	1	0.000000	12.751468	12.751468	0.000000	0.000000	0	40	0
473	331	2	2	0.000000	24.187311	18.018127	0.000000	0.000000	0	29	0
474	62	1	1	0.000000	15.709677	15.709677	0.000000	0.000000	0	6	0
475	7	1	2	0.000000	55.285714	43.142857	0.000000	0.000000	0	13	0
476	119	1	1	0.000000	54.025210	28.495798	0.000000	0.000000	0	32	0
477	80	2	2	0.000000	65.900000	39.775000	0.000000	0.000000	0	37	0
478	6	2	1	0.000000	52.666667	27.500000	0.000000	0.000000	0	10	0
479	155	1	1	0.000000	37.877419	30.554839	0.000000	0.000000	0	28	0
480	339	2	2	0.000000	49.554572	33.401180	0.000000	0.000000	0	56	0
481	149	1	1	0.000000	39.758389	28.597315	0.000000	0.000000	0	34	0
482	230	2	2	0.000000	50.543478	33.552174	0.000000	0.000000	0	46	0
483	13706	1	1	0.000000	12.588647	12.588647	0.000000	0.000000	0	474	0
484	2	2	1	0.000000	40.500000	40.500000	0.000000	0.000000	0	17	0
485	3	2	1	0.000000	16.333333	16.333333	0.000000	0.000000	0	6	0
486	8801	1	1	0.000000	12.551755	12.551755	0.000000	0.000000	0	304	0
487	28	2	2	0.000000	24.500000	24.500000	0.000000	0.000000	0	11	0
488	203	1	1	0.000000	12.443350	12.443350	0.000000	0.000000	0	14	0
489	2362	1	1	0.000000	12.392041	12.392041	0.000000	0.000000	0	79	0
490	1312	1	1	0.000000	13.129573	13.129573	0.000000	0.000000	0	49	0
491	2	2	1	0.000000	26.500000	26.500000	0.000000	0.000000	0	9	0
492	12998	1	1	0.000000	12.583936	12.583936	0.000000	0.000000	0	449	0
493	1202	2	2	0.000000	25.455075	23.687188	0.000000	0.000000	0	90	0
494	6974	1	1	0.000000	12.581589	12.581589	0.000000	0.000000	0	242	0
495	1735	1	1	0.000000	12.398271	12.398271	0.000000	0.000000	0	64	0
496	24006	1	1	0.000000	12.572690	12.559610	0.000000	0.000000	0	828	0
497	5710	1	1	0.000000	12.596673	12.596673	0.000000	0.000000	0	201	0
498	2334	1	1	0.000000	12.804627	12.769923	0.000000	0.000000	0	86	0
499	30	1	1	0.000000	13.866667	13.866667	0.000000	0.000000	0	5	0
500	78	2	2	0.000000	26.243590	26.243590	0.000000	0.000000	0	13	0
501	90	1	1	0.000000	12.100000	12.100000	0.000000	0.000000	0	6	0
502	27597	1	1	0.000000	12.541581	12.539334	0.000000	0.000000	0	952	0
503	4749	1	1	0.000000	12.644136	12.644136	0.000000	0.000000	0	167	0
504	13885	1	1	0.000000	12.633345	12.633345	0.000000	0.000000	0	485	0
505	3	2	2	0.000000	41.000000	27.666667	0.000000	0.000000	0	21	0
506	7197	1	1	0.000000	12.526191	12.526191	0.000000	0.000000	0	253	0
507	101	1	2	0.000000	26.366337	20.306931	0.000000	0.000000	0	15	0
508	590	1	2	0.000000	50.115254	37.674576	0.000000	0.000000	0	97	0
509	457	1	1	0.000000	12.947484	12.947484	0.000000	0.000000	0	21	0
510	566	1	1	0.000000	11.208481	11.208481	0.000000	0.000000	0	22	0
511	6612	1	1	0.000000	12.604961	12.604961	0.000000	0.000000	0	232	0
512	1	5	2	0.000000	291.000000	55.000000	0.000000	0.000000	0	126	0
513	3	2	1	0.000000	21.666667	21.666667	0.000000	0.000000	0	11	0
514	36955	1	1	0.000000	12.567961	12.567961	0.000000	0.000000	0	1269	0
515	41910	1	1	0.000000	12.581937	12.581937	0.000000	0.000000	0	1446	0
516	24468	1	1	0.000000	12.566618	12.566618	0.000000	0.000000	0	848	0
517	57	1	1	0.000000	13.561404	13.561404	0.000000	0.000000	0	8	0
518	30834	1	1	0.000000	12.614938	12.614938	0.000000	0.000000	0	1068	0
519	4	2	1	0.000000	35.500000	35.500000	0.000000	0.000000	0	15	0
520	32937	1	1	0.000000	12.577375	12.577375	0.000000	0.000000	0	1136	0
521	16	2	1	0.000000	55.625000	23.000000	0.000000	0.000000	0	25	0
522	50	1	1	0.000000	30.360000	25.880000	0.000000	0.000000	0	15	0
523	75	1	1	0.000000	22.253333	22.253333	0.000000	0.000000	0	9	0
524	35684	1	1	0.000000	12.539289	12.537692	0.000000	0.000000	0	1230	0
525	57	2	2	0.000000	52.175439	46.070175	0.000000	0.000000	0	35	0
526	1551	1	1	0.000000	12.439072	12.439072	0.000000	0.000000	0	57	0
527	0	2	1	Inf	Inf	Inf	Inf	Inf	0	135	0
528	24175	1	1	0.000000	12.599545	12.599545	0.000000	0.000000	0	832	0
529	18923	1	1	0.000000	12.531840	12.531840	0.000000	0.000000	0	649	0
530	1	2	2	0.000000	430.000000	24.000000	0.000000	0.000000	0	30	0
531	2	1	2	0.000000	126.500000	16.500000	0.000000	0.000000	0	30	0
532	1	1	2	0.000000	189.000000	63.000000	0.000000	0.000000	0	32	0
533	2	1	2	0.000000	192.500000	74.000000	0.000000	0.000000	0	36	0
534	7589	1	1	0.000000	12.576888	12.576888	0.000000	0.000000	0	260	0
535	6	1	2	0.000000	26.500000	26.500000	0.000000	0.000000	0	9	0
536	31	1	2	0.000000	38.548387	38.548387	0.000000	0.000000	0	15	0
537	47	1	1	0.000000	66.702128	45.638298	0.000000	0.000000	0	25	0
538	99	1	1	0.000000	21.606061	19.252525	0.000000	0.000000	0	14	0
539	45	2	1	0.000000	24.644444	24.644444	0.000000	0.000000	0	11	0
540	12686	1	1	0.000000	12.625414	12.625414	0.000000	0.000000	0	439	0
541	1	1	2	0.000000	22.000000	22.000000	0.000000	0.000000	0	9	0
542	2	1	2	0.000000	37.000000	37.000000	0.000000	0.000000	0	19	0
543	10026	1	1	0.000000	12.600738	12.600738	0.000000	0.000000	0	343	0
544	1	5	2	0.000000	351.000000	53.000000	0.000000	0.000000	0	155	0
545	1	2	1	0.000000	28.000000	28.000000	0.000000	0.000000	0	9	0
546	6878	1	1	0.000000	12.581274	12.581274	0.000000	0.000000	0	246	0
547	3	1	2	0.000000	24.666667	24.666667	0.000000	0.000000	0	15	0
548	9538	1	1	0.000000	12.523170	12.523170	0.000000	0.000000	0	331	0
549	16	1	2	0.000000	24.875000	24.875000	0.000000	0.000000	0	16	0
550	2520	1	1	0.000000	12.702381	12.702381	0.000000	0.000000	0	91	0
551	643	1	1	0.000000	11.981337	11.981337	0.000000	0.000000	0	21	0
552	1900	1	1	0.000000	12.797368	12.797368	0.000000	0.000000	0	69	0
553	41	2	2	0.000000	22.487805	22.487805	0.000000	0.000000	0	19	0
554	9099	1	1	0.000000	12.536872	12.536872	0.000000	0.000000	0	315	0
555	1	3	1	0.000000	271.000000	68.000000	0.000000	0.000000	0	55	0
556	3	3	1	0.000000	117.333333	50.000000	0.000000	0.000000	0	82	0
557	30	1	1	0.000000	65.700000	18.366667	0.000000	0.000000	0	15	0
558	13	1	2	0.000000	168.000000	59.769231	0.000000	0.000000	0	21	0
559	3	1	2	0.000000	74.000000	26.666667	0.000000	0.000000	0	9	0
560	1	1	2	0.000000	86.000000	39.000000	0.000000	0.000000	0	18	0
561	1	1	2	0.000000	94.000000	48.000000	0.000000	0.000000	0	26	0
562	1	1	3	0.000000	117.000000	71.000000	0.000000	0.000000	0	34	0
563	8862	1	1	0.000000	12.561047	12.561047	0.000000	0.000000	0	310	0
564	5016	1	1	0.000000	12.650917	12.650917	0.000000	0.000000	0	177	0
565	19301	1	1	0.000000	12.603544	12.603544	0.000000	0.000000	0	660	0
566	1	4	1	0.000000	280.000000	27.000000	0.000000	0.000000	0	161	0
567	1	1	2	0.000000	77.000000	13.000000	0.000000	0.000000	0	41	0
568	4	2	1	0.000000	26.500000	26.500000	0.000000	0.000000	0	8	0
569	9778	1	1	0.000000	12.526999	12.520659	0.000000	0.000000	0	337	0
570	16	1	2	0.000000	84.062500	15.062500	0.000000	0.000000	0	52	0
571	2	1	4	0.000000	117.000000	31.500000	0.000000	0.000000	0	75	0
572	15482	1	1	0.000000	12.628795	12.628795	0.000000	0.000000	0	533	0
573	21	1	2	0.000000	23.714286	23.714286	0.000000	0.000000	0	7	0
574	41	1	2	0.000000	34.902439	25.512195	0.000000	0.000000	0	11	0
575	50	1	1	0.000000	11.840000	11.840000	0.000000	0.000000	0	3	0
576	1	1	2	0.000000	28.000000	28.000000	0.000000	0.000000	0	14	0
577	7	2	2	0.000000	39.285714	39.285714	0.000000	0.000000	0	22	0
578	17	1	1	0.000000	12.588235	12.588235	0.000000	0.000000	0	3	0
579	12635	1	1	0.000000	12.508508	12.508508	0.000000	0.000000	0	443	0
580	3536	1	1	0.000000	12.512161	12.512161	0.000000	0.000000	0	122	0
581	55	2	2	0.000000	40.400000	32.963636	0.000000	0.000000	0	35	0
582	236	1	1	0.000000	13.584746	13.584746	0.000000	0.000000	0	11	0
583	271	1	1	0.000000	11.645756	11.645756	0.000000	0.000000	0	12	0
584	23372	1	1	0.000000	12.539534	12.539534	0.000000	0.000000	0	800	0
585	2	2	2	0.000000	25.000000	25.000000	0.000000	0.000000	0	6	0
586	7389	1	1	0.000000	12.619570	12.619570	0.000000	0.000000	0	260	0
587	74	1	2	0.000000	25.513514	25.513514	0.000000	0.000000	0	12	0
588	5298	1	1	0.000000	12.599094	12.599094	0.000000	0.000000	0	184	0
589	2	2	1	0.000000	22.000000	22.000000	0.000000	0.000000	0	8	0
590	36	1	1	0.000000	14.222222	14.222222	0.000000	0.000000	0	5	0
591	8	2	1	0.000000	20.750000	20.750000	0.000000	0.000000	0	7	0
592	43	1	1	0.000000	12.860465	12.860465	0.000000	0.000000	0	8	0
593	10833	1	1	0.000000	12.578602	12.574910	0.000000	0.000000	0	377	0
594	6033	1	1	0.000000	12.592077	12.592077	0.000000	0.000000	0	212	0
595	9704	1	1	0.000000	12.597073	12.597073	0.000000	0.000000	0	344	0
596	48	1	1	0.000000	11.125000	11.125000	0.000000	0.000000	0	4	0
597	4169	1	1	0.000000	12.345646	12.345646	0.000000	0.000000	0	144	0
598	4576	1	1	0.000000	12.680944	12.680944	0.000000	0.000000	0	163	0
599	31296	1	1	0.000000	12.567261	12.567261	0.000000	0.000000	0	1082	0
600	0	1	2	Inf	Inf	Inf	Inf	Inf	0	103	0
601	1	2	1	0.000000	111.000000	11.000000	0.000000	0.000000	0	7	0
602	10481	1	1	0.000000	12.586394	12.583150	0.000000	0.000000	0	361	0
603	66	1	1	0.000000	53.712121	46.924242	0.000000	0.000000	0	14	0
604	2	1	2	0.000000	104.500000	63.500000	0.000000	0.000000	0	38	0
605	1	3	2	0.000000	116.000000	76.000000	0.000000	0.000000	0	43	0
606	1	2	1	0.000000	92.000000	39.000000	0.000000	0.000000	0	27	0
607	17874	1	1	0.000000	12.494573	12.494573	0.000000	0.000000	0	619	0
608	3671	1	1	0.000000	12.523563	12.523563	0.000000	0.000000	0	132	0
609	7871	1	1	0.000000	12.611866	12.611866	0.000000	0.000000	0	269	0
610	1	1	2	0.000000	125.000000	20.000000	0.000000	0.000000	0	54	0
611	1	1	2	0.000000	139.000000	34.000000	0.000000	0.000000	0	59	0
612	4	2	1	0.000000	105.500000	31.750000	0.000000	0.000000	0	115	0
613	8	1	1	0.000000	92.250000	12.750000	0.000000	0.000000	0	43	0
614	2	1	2	0.000000	101.000000	19.500000	0.000000	0.000000	0	44	0
615	1	2	4	0.000000	176.000000	24.000000	0.000000	0.000000	0	72	0
616	16	1	1	0.000000	74.375000	13.750000	0.000000	0.000000	0	42	0
617	20038	1	1	0.000000	12.578102	12.578102	0.000000	0.000000	0	694	0
618	2	2	2	0.000000	32.000000	32.000000	0.000000	0.000000	0	9	0
619	16160	1	1	0.000000	12.526609	12.526609	0.000000	0.000000	0	559	0
620	10579	1	1	0.000000	12.542490	12.542490	0.000000	0.000000	0	367	0
621	2	1	2	0.000000	26.000000	26.000000	0.000000	0.000000	0	14	0
622	2	2	2	0.000000	35.500000	35.500000	0.000000	0.000000	0	17	0
623	57	1	1	0.000000	15.122807	15.122807	0.000000	0.000000	0	7	0
624	4	1	3	0.000000	74.250000	29.250000	0.000000	0.000000	0	21	0
625	2	2	1	0.000000	35.500000	35.500000	0.000000	0.000000	0	13	0
626	19090	1	1	0.000000	12.554164	12.554164	0.000000	0.000000	0	656	0
627	2	2	1	0.000000	37.500000	37.500000	0.000000	0.000000	0	15	0
628	63	1	1	0.000000	22.888889	15.619048	0.000000	0.000000	0	12	0
629	16508	1	1	0.000000	12.624788	12.624788	0.000000	0.000000	0	570	0
630	41783	1	1	0.000000	12.562956	12.562956	0.000000	0.000000	0	1431	0
631	6235	1	1	0.000000	12.605934	12.605934	0.000000	0.000000	0	216	0
632	3216	1	1	0.000000	12.612562	12.612562	0.000000	0.000000	0	111	0
633	1	2	2	0.000000	41.000000	41.000000	0.000000	0.000000	0	21	0
634	1	2	2	0.000000	45.000000	45.000000	0.000000	0.000000	0	22	0
635	1	2	1	0.000000	30.000000	30.000000	0.000000	0.000000	0	16	0
636	9962	1	1	0.000000	12.597270	12.597270	0.000000	0.000000	0	346	0
637	7690	1	1	0.000000	12.493628	12.483485	0.000000	0.000000	0	266	0
638	17	2	2	0.000000	24.000000	24.000000	0.000000	0.000000	0	8	0
639	6232	1	1	0.000000	12.595956	12.595956	0.000000	0.000000	0	217	0
640	1	1	2	0.000000	31.000000	31.000000	0.000000	0.000000	0	10	0
641	4116	1	1	0.000000	12.709913	12.709913	0.000000	0.000000	0	145	0
642	9668	1	1	0.000000	12.506930	12.506930	0.000000	0.000000	0	334	0
643	7653	1	1	0.000000	12.717366	12.717366	0.000000	0.000000	0	259	0
644	238	1	1	0.000000	12.495798	12.495798	0.000000	0.000000	0	11	0
645	1	1	2	0.000000	26.000000	26.000000	0.000000	0.000000	0	14	0
646	151	2	3	0.000000	48.291391	47.701987	0.000000	0.000000	0	69	0
647	1040	2	1	0.000000	37.507692	36.363462	0.000000	0.000000	0	222	0
648	2	2	1	0.000000	27.000000	27.000000	0.000000	0.000000	0	14	0
649	375	1	1	0.000000	12.018667	12.018667	0.000000	0.000000	0	13	0
650	70	2	2	0.000000	20.414286	12.671429	0.000000	0.000000	0	10	0
651	185	1	1	0.000000	13.264865	13.264865	0.000000	0.000000	0	8	0
652	4	2	2	0.000000	30.000000	30.000000	0.000000	0.000000	0	6	0
653	9190	1	1	0.000000	12.556583	12.550707	0.000000	0.000000	0	318	0
654	400	1	1	0.000000	12.497500	12.497500	0.000000	0.000000	0	15	0
655	30591	1	1	0.000000	12.605603	12.602596	0.000000	0.000000	0	1055	0
656	4712	1	1	0.000000	12.481324	12.481324	0.000000	0.000000	0	166	0
657	51564	1	1	0.000000	12.548561	12.548561	0.000000	0.000000	0	1770	0
658	56	1	1	0.000000	13.464286	13.464286	0.000000	0.000000	0	7	0
659	1	1	2	0.000000	30.000000	30.000000	0.000000	0.000000	0	8	0
660	1	1	2	0.000000	40.000000	40.000000	0.000000	0.000000	0	10	0
661	238	1	1	0.000000	11.180672	11.180672	0.000000	0.000000	0	12	0
662	7634	1	1	0.000000	12.599293	12.599293	0.000000	0.000000	0	266	0
663	1	5	3	0.000000	266.000000	132.000000	0.000000	0.000000	0	117	0
664	14	2	2	0.000000	128.428571	39.000000	0.000000	0.000000	0	17	0
665	5	1	1	0.000000	124.200000	26.400000	0.000000	0.000000	0	17	0
666	1	1	2	0.000000	167.000000	70.000000	0.000000	0.000000	0	11	0
667	7	1	1	0.000000	108.571429	12.000000	0.000000	0.000000	0	10	0
668	11	1	1	0.000000	16.454545	16.454545	0.000000	0.000000	0	5	0
669	1	1	2	0.000000	29.000000	29.000000	0.000000	0.000000	0	15	0
670	1	1	2	0.000000	53.000000	53.000000	0.000000	0.000000	0	28	0
671	3493	1	1	0.000000	12.622388	12.622388	0.000000	0.000000	0	128	0
672	4	2	2	0.000000	31.750000	31.750000	0.000000	0.000000	0	15	0
673	10690	1	1	0.000000	12.625351	12.625351	0.000000	0.000000	0	368	0
674	4314	1	1	0.000000	12.497450	12.497450	0.000000	0.000000	0	151	0
675	8511	1	1	0.000000	12.549524	12.539302	0.000000	0.000000	0	292	0
676	5563	1	2	0.000000	13.703577	13.703577	0.000000	0.000000	0	194	0
677	1	1	2	0.000000	39.000000	39.000000	0.000000	0.000000	0	17	0
678	57	1	1	0.000000	12.736842	12.736842	0.000000	0.000000	0	7	0
679	9745	1	1	0.000000	12.617650	12.610672	0.000000	0.000000	0	338	0
680	3093	1	1	0.000000	12.471710	12.471710	0.000000	0.000000	0	111	0
681	5223	1	1	0.000000	12.706108	12.706108	0.000000	0.000000	0	180	0
682	3	1	2	0.000000	20.666667	20.666667	0.000000	0.000000	0	12	0
683	1	2	1	0.000000	33.000000	33.000000	0.000000	0.000000	0	15	0
684	1	2	1	0.000000	20.000000	20.000000	0.000000	0.000000	0	10	0
685	17197	1	1	0.000000	12.565913	12.565913	0.000000	0.000000	0	600	0
686	1	2	2	0.000000	31.000000	31.000000	0.000000	0.000000	0	10	0
687	23596	1	1	0.000000	12.550602	12.539371	0.000000	0.000000	0	818	0
688	20	2	2	0.000000	38.050000	31.800000	0.000000	0.000000	0	10	0
689	21	1	1	0.000000	28.142857	12.666667	0.000000	0.000000	0	5	0
690	31	1	1	0.000000	22.096774	22.096774	0.000000	0.000000	0	7	0
691	1	3	1	0.000000	288.000000	48.000000	0.000000	0.000000	0	114	0
692	22	1	1	0.000000	10.772727	10.772727	0.000000	0.000000	0	5	0
693	1	1	2	0.000000	20.000000	20.000000	0.000000	0.000000	0	8	0
694	2	2	2	0.000000	29.500000	29.500000	0.000000	0.000000	0	10	0
695	5356	1	1	0.000000	12.644137	12.638350	0.000000	0.000000	0	188	0
696	1	2	1	0.000000	47.000000	19.000000	0.000000	0.000000	0	19	0
697	39280	1	1	0.000000	12.592108	12.589893	0.000000	0.000000	0	1350	0
698	60	1	1	0.000000	13.350000	13.350000	0.000000	0.000000	0	6	0
699	3	1	2	0.000000	22.333333	22.333333	0.000000	0.000000	0	8	0
700	2	2	1	0.000000	22.000000	22.000000	0.000000	0.000000	0	8	0
701	14232	1	1	0.000000	12.578134	12.578134	0.000000	0.000000	0	498	0
702	307	1	1	0.000000	11.140065	11.140065	0.000000	0.000000	0	14	0
703	2	2	2	0.000000	23.000000	23.000000	0.000000	0.000000	0	8	0
704	1702	1	1	0.000000	12.474736	12.474736	0.000000	0.000000	0	63	0
705	10889	1	1	0.000000	12.550005	12.550005	0.000000	0.000000	0	375	0
706	60	1	1	0.000000	12.850000	12.850000	0.000000	0.000000	0	6	0
707	3	1	2	0.000000	26.000000	26.000000	0.000000	0.000000	0	12	0
708	3	1	2	0.000000	36.333333	36.333333	0.000000	0.000000	0	15	0
709	1	2	1	0.000000	25.000000	25.000000	0.000000	0.000000	0	12	0
710	1	1	1	0.000000	10.000000	10.000000	0.000000	0.000000	0	3	0
711	25745	1	1	0.000000	12.593708	12.593708	0.000000	0.000000	0	889	0
712	9	2	2	0.000000	32.000000	32.000000	0.000000	0.000000	0	10	0
713	9002	1	1	0.000000	12.621751	12.621751	0.000000	0.000000	0	311	0
714	42488	1	1	0.000000	12.539305	12.539305	0.000000	0.000000	0	1478	0
715	7355	1	1	0.000000	12.405710	12.405710	0.000000	0.000000	0	252	0
716	48	2	2	0.000000	31.666667	31.666667	0.000000	0.000000	0	17	0
717	1	2	1	0.000000	27.000000	27.000000	0.000000	0.000000	0	9	0
718	7954	1	1	0.000000	12.613025	12.613025	0.000000	0.000000	0	273	0
719	2118	1	1	0.000000	12.176582	12.176582	0.000000	0.000000	0	81	0
720	20	2	1	0.000000	38.650000	18.850000	0.000000	0.000000	0	13	0
721	4826	1	1	0.000000	12.605678	12.605678	0.000000	0.000000	0	169	0
722	3282	1	1	0.000000	12.342169	12.332419	0.000000	0.000000	0	117	0
723	5	3	2	0.000000	39.400000	39.400000	0.000000	0.000000	0	25	0
724	1	1	1	0.000000	14.000000	14.000000	0.000000	0.000000	0	5	0
725	38	1	1	0.000000	16.315789	16.315789	0.000000	0.000000	0	6	0
726	1	1	2	0.000000	29.000000	29.000000	0.000000	0.000000	0	14	0
727	651	1	1	0.000000	13.359447	13.359447	0.000000	0.000000	0	24	0
728	0	2	2	Inf	Inf	Inf	Inf	Inf	0	31	0
729	3	1	1	0.000000	330.000000	23.333333	0.000000	0.000000	0	27	0
730	25	1	1	0.000000	152.000000	13.000000	0.000000	0.000000	0	26	0
731	5028	1	1	0.000000	12.386834	12.386834	0.000000	0.000000	0	179	0
732	4482	2	1	0.000000	12.691656	12.691656	0.000000	0.000000	0	159	0
733	29	1	1	0.000000	4.896552	4.896552	0.000000	0.000000	0	4	0
734	1	1	2	0.000000	10.000000	10.000000	0.000000	0.000000	0	2	0
735	30	2	2	0.000000	26.966667	26.966667	0.000000	0.000000	0	10	0
736	1195	1	1	0.000000	12.368201	12.368201	0.000000	0.000000	0	50	0
737	2105	1	1	0.000000	12.452732	12.452732	0.000000	0.000000	0	72	0
738	4	2	2	0.000000	22.750000	22.750000	0.000000	0.000000	0	13	0
739	183	1	1	0.000000	12.333333	12.333333	0.000000	0.000000	0	10	0
740	8	2	2	0.000000	24.625000	24.625000	0.000000	0.000000	0	14	0
741	209	1	1	0.000000	14.722488	14.722488	0.000000	0.000000	0	14	0
742	115	1	1	0.000000	12.530435	12.530435	0.000000	0.000000	0	9	0
743	136	1	1	0.000000	13.580882	13.580882	0.000000	0.000000	0	10	0
744	439	1	1	0.000000	13.045558	13.045558	0.000000	0.000000	0	19	0
745	214	1	1	0.000000	10.182243	10.182243	0.000000	0.000000	0	9	0
746	2	2	2	0.000000	22.000000	22.000000	0.000000	0.000000	0	13	0
747	178	1	1	0.000000	11.539326	11.539326	0.000000	0.000000	0	8	0
748	417	1	1	0.000000	12.726619	12.726619	0.000000	0.000000	0	17	0
749	5	2	2	0.000000	21.400000	21.400000	0.000000	0.000000	0	12	0
750	217	1	1	0.000000	11.995392	11.995392	0.000000	0.000000	0	11	0
751	1582	1	1	0.000000	12.807206	12.807206	0.000000	0.000000	0	62	0
752	238	1	1	0.000000	12.478992	12.478992	0.000000	0.000000	0	13	0
753	170	1	1	0.000000	10.841176	10.841176	0.000000	0.000000	0	8	0
754	185	1	1	0.000000	12.324324	12.324324	0.000000	0.000000	0	7	0
755	1794	1	1	0.000000	12.697882	12.697882	0.000000	0.000000	0	67	0
756	2553	1	1	0.000000	12.350960	12.350960	0.000000	0.000000	0	91	0
757	1487	1	1	0.000000	12.451917	12.451917	0.000000	0.000000	0	59	0
758	28	1	1	0.000000	12.107143	12.107143	0.000000	0.000000	0	5	0
759	9159	1	1	0.000000	12.652910	12.652910	0.000000	0.000000	0	318	0
760	876	1	1	0.000000	12.115297	12.115297	0.000000	0.000000	0	32	0
761	297	1	1	0.000000	13.744108	13.744108	0.000000	0.000000	0	15	0
762	30	1	1	0.000000	13.366667	13.366667	0.000000	0.000000	0	9	0
763	1	2	1	0.000000	28.000000	28.000000	0.000000	0.000000	0	24	0
764	1	2	1	0.000000	23.000000	23.000000	0.000000	0.000000	0	8	0
765	5832	1	1	0.000000	12.486283	12.486283	0.000000	0.000000	0	203	0
766	7027	1	1	0.000000	12.385940	12.385940	0.000000	0.000000	0	244	0
767	10959	1	1	0.000000	12.641482	12.635824	0.000000	0.000000	0	376	0
768	23296	1	1	0.000000	12.603752	12.603752	0.000000	0.000000	0	804	0
769	9589	1	1	0.000000	12.701324	12.701324	0.000000	0.000000	0	336	0
770	80	2	2	0.000000	35.475000	23.525000	0.000000	0.000000	0	11	0
771	13	1	1	0.000000	18.769231	18.769231	0.000000	0.000000	0	4	0
772	4788	1	1	0.000000	12.465748	12.465748	0.000000	0.000000	0	169	0
773	2	2	2	0.000000	24.000000	24.000000	0.000000	0.000000	0	6	0
774	2733	1	1	0.000000	12.652031	12.652031	0.000000	0.000000	0	96	0
775	1	2	1	0.000000	33.000000	33.000000	0.000000	0.000000	0	14	0
776	7	2	1	0.000000	23.571429	23.571429	0.000000	0.000000	0	7	0
777	131	1	1	0.000000	12.450382	12.450382	0.000000	0.000000	0	8	0
778	4141	1	1	0.000000	12.755373	12.755373	0.000000	0.000000	0	145	0
779	2	2	2	0.000000	24.000000	24.000000	0.000000	0.000000	0	11	0
780	13033	1	1	0.000000	12.488222	12.485844	0.000000	0.000000	0	450	0
781	1	1	2	0.000000	28.000000	28.000000	0.000000	0.000000	0	10	0
782	3	1	2	0.000000	142.333333	68.666667	0.000000	0.000000	0	57	0
783	1	1	2	0.000000	166.000000	81.000000	0.000000	0.000000	0	72	0
784	2	1	2	0.000000	116.500000	22.000000	0.000000	0.000000	0	54	0
785	36	1	2	0.000000	152.555556	11.750000	0.000000	0.000000	0	71	0
786	9	1	1	0.000000	113.000000	33.111111	0.000000	0.000000	0	49	0
787	1	1	2	0.000000	153.000000	14.000000	0.000000	0.000000	0	65	0
788	5	1	1	0.000000	12.000000	12.000000	0.000000	0.000000	0	4	0
789	1	2	1	0.000000	105.000000	48.000000	0.000000	0.000000	0	49	0
790	2092	1	1	0.000000	12.712237	12.712237	0.000000	0.000000	0	76	0
791	3757	1	1	0.000000	12.429864	12.429864	0.000000	0.000000	0	132	0
792	2	1	2	0.000000	26.500000	26.500000	0.000000	0.000000	0	17	0
793	9145	1	1	0.000000	12.625041	12.625041	0.000000	0.000000	0	317	0
794	1	1	3	0.000000	39.000000	39.000000	0.000000	0.000000	0	19	0
795	4	2	1	0.000000	52.250000	52.250000	0.000000	0.000000	0	23	0
796	1	2	1	0.000000	38.000000	38.000000	0.000000	0.000000	0	20	0
797	4	2	1	0.000000	26.250000	26.250000	0.000000	0.000000	0	13	0
798	18133	1	1	0.000000	12.582364	12.580654	0.000000	0.000000	0	622	0
799	50	1	1	0.000000	10.640000	10.640000	0.000000	0.000000	0	7	0
800	2	1	1	0.000000	587.500000	14.000000	0.000000	0.000000	0	9	0
801	1	2	2	0.000000	46.000000	46.000000	0.000000	0.000000	0	14	0
802	1	2	1	0.000000	36.000000	36.000000	0.000000	0.000000	0	8	0
803	2	2	1	0.000000	27.000000	27.000000	0.000000	0.000000	0	7	0
804	19714	1	1	0.000000	12.599168	12.599168	0.000000	0.000000	0	678	0
805	2	1	2	0.000000	25.000000	25.000000	0.000000	0.000000	0	13	0
806	7181	1	1	0.000000	12.501323	12.501323	0.000000	0.000000	0	248	0
807	4	1	3	0.000000	41.750000	41.750000	0.000000	0.000000	0	12	0
808	36	1	2	0.000000	46.972222	14.583333	0.000000	0.000000	0	20	0
809	23422	1	1	0.000000	12.589232	12.589232	0.000000	0.000000	0	808	0
810	22550	1	1	0.000000	12.535122	12.531397	0.000000	0.000000	0	771	0
811	5754	1	1	0.000000	12.782412	12.782412	0.000000	0.000000	0	198	0
812	7814	1	1	0.000000	12.462887	12.462887	0.000000	0.000000	0	271	0
813	3589	1	1	0.000000	12.517972	12.517972	0.000000	0.000000	0	124	0
814	37	1	1	0.000000	12.675676	12.675676	0.000000	0.000000	0	4	0
815	7080	1	1	0.000000	12.553531	12.553531	0.000000	0.000000	0	245	0
816	13	1	1	0.000000	11.615385	11.615385	0.000000	0.000000	0	4	0
817	49	1	1	0.000000	25.938776	14.346939	0.000000	0.000000	0	9	0
818	14664	1	1	0.000000	12.612384	12.612384	0.000000	0.000000	0	510	0
819	14	2	2	0.000000	50.357143	24.500000	0.000000	0.000000	0	17	0
820	1678	1	1	0.000000	12.585221	12.585221	0.000000	0.000000	0	61	0
821	349	1	1	0.000000	13.802292	13.802292	0.000000	0.000000	0	17	0
822	107	2	2	0.000000	24.878505	15.252336	0.000000	0.000000	0	14	0
823	124	1	1	0.000000	12.508065	12.508065	0.000000	0.000000	0	8	0
824	961	2	2	0.000000	24.811655	23.684703	0.000000	0.000000	0	72	0
825	110	1	1	0.000000	13.654545	13.654545	0.000000	0.000000	0	9	0
826	86	2	2	0.000000	39.569767	14.593023	0.000000	0.000000	0	19	0
827	1110	1	1	0.000000	12.233333	12.233333	0.000000	0.000000	0	40	0
828	3	2	1	0.000000	26.000000	18.333333	0.000000	0.000000	0	8	0
829	15021	1	1	0.000000	12.598629	12.598629	0.000000	0.000000	0	518	0
830	4	2	2	0.000000	106.000000	22.000000	0.000000	0.000000	0	46	0
831	10	1	1	0.000000	15.600000	15.600000	0.000000	0.000000	0	4	0
832	2	1	2	0.000000	25.500000	25.500000	0.000000	0.000000	0	11	0
833	8195	1	1	0.000000	12.621354	12.621354	0.000000	0.000000	0	288	0
834	1	1	2	0.000000	26.000000	26.000000	0.000000	0.000000	0	14	0
835	114	1	1	0.000000	14.350877	14.350877	0.000000	0.000000	0	9	0
836	3	2	1	0.000000	30.000000	30.000000	0.000000	0.000000	0	10	0
837	13269	1	1	0.000000	12.568016	12.568016	0.000000	0.000000	0	456	0
838	17	2	2	0.000000	26.352941	26.352941	0.000000	0.000000	0	9	0
839	1999	1	1	0.000000	12.375188	12.375188	0.000000	0.000000	0	70	0
840	6580	1	1	0.000000	12.495897	12.495897	0.000000	0.000000	0	218	0
841	2451	1	1	0.000000	12.306406	12.306406	0.000000	0.000000	0	86	0
842	255	2	2	0.000000	26.215686	21.941176	0.000000	0.000000	0	28	0
843	754	1	1	0.000000	11.728117	11.728117	0.000000	0.000000	0	31	0
844	1074	1	1	0.000000	12.527933	12.527933	0.000000	0.000000	0	39	0
845	1024	2	2	0.000000	25.246094	20.948242	0.000000	0.000000	0	133	0
846	333	1	1	0.000000	12.108108	12.108108	0.000000	0.000000	0	14	0
847	149	2	2	0.000000	38.516779	32.067114	0.000000	0.000000	0	40	0
848	10	2	2	0.000000	25.500000	25.500000	0.000000	0.000000	0	8	0
849	1037	1	1	0.000000	12.776278	12.776278	0.000000	0.000000	0	42	0
850	3046	1	1	0.000000	12.631648	12.631648	0.000000	0.000000	0	105	0
851	10906	1	1	0.000000	12.612599	12.612599	0.000000	0.000000	0	375	0
852	10929	1	1	0.000000	12.566566	12.566566	0.000000	0.000000	0	382	0
853	771	1	1	0.000000	11.666667	11.666667	0.000000	0.000000	0	28	0
854	14385	1	1	0.000000	12.657699	12.657699	0.000000	0.000000	0	500	0
855	7521	1	1	0.000000	12.553118	12.553118	0.000000	0.000000	0	258	0
856	2	2	1	0.000000	41.000000	41.000000	0.000000	0.000000	0	21	0
857	55724	1	1	0.000000	12.576233	12.576233	0.000000	0.000000	0	1906	0
858	7408	1	1	0.000000	12.683720	12.675351	0.000000	0.000000	0	261	0
859	47	2	2	0.000000	29.085106	29.085106	0.000000	0.000000	0	10	0
860	65	1	1	0.000000	15.723077	15.723077	0.000000	0.000000	0	7	0
861	75	1	1	0.000000	13.453333	13.453333	0.000000	0.000000	0	8	0
862	48	2	2	0.000000	24.666667	24.666667	0.000000	0.000000	0	9	0
863	42	1	1	0.000000	7.690476	7.690476	0.000000	0.000000	0	3	0
864	47	2	2	0.000000	20.382979	20.382979	0.000000	0.000000	0	9	0
865	62	1	1	0.000000	10.629032	10.629032	0.000000	0.000000	0	7	0
866	147	1	1	0.000000	11.435374	11.435374	0.000000	0.000000	0	10	0
867	2311	1	1	0.000000	12.720900	12.720900	0.000000	0.000000	0	83	0
868	2	1	1	0.000000	73.000000	18.500000	0.000000	0.000000	0	45	0
869	8334	1	1	0.000000	12.640029	12.636309	0.000000	0.000000	0	295	0
870	7349	1	1	0.000000	12.512587	12.512587	0.000000	0.000000	0	255	0
871	56	1	1	0.000000	11.625000	11.625000	0.000000	0.000000	0	5	0
872	1	1	2	0.000000	25.000000	25.000000	0.000000	0.000000	0	13	0
873	1	1	2	0.000000	71.000000	37.000000	0.000000	0.000000	0	15	0
874	2	3	1	0.000000	49.500000	49.500000	0.000000	0.000000	0	22	0
875	6	2	1	0.000000	25.833333	25.833333	0.000000	0.000000	0	7	0
876	14169	1	1	0.000000	12.632649	12.632649	0.000000	0.000000	0	490	0
877	114	1	1	0.000000	12.035088	12.035088	0.000000	0.000000	0	7	0
878	107	1	1	0.000000	10.252336	10.252336	0.000000	0.000000	0	7	0
879	8	2	1	0.000000	34.625000	29.750000	0.000000	0.000000	0	9	0
880	1	2	1	0.000000	17.000000	17.000000	0.000000	0.000000	0	5	0
881	881	1	1	0.000000	12.574347	12.574347	0.000000	0.000000	0	31	0
882	16	2	1	0.000000	48.500000	17.000000	0.000000	0.000000	0	13	0
883	1173	1	1	0.000000	11.965899	11.965899	0.000000	0.000000	0	44	0
884	25	1	2	0.000000	27.160000	22.280000	0.000000	0.000000	0	14	0
885	113	2	2	0.000000	66.212389	30.884956	0.000000	0.000000	0	34	0
886	30	1	1	0.000000	14.500000	14.500000	0.000000	0.000000	0	7	0
887	119	1	1	0.000000	12.773109	12.773109	0.000000	0.000000	0	7	0
888	5	2	1	0.000000	25.000000	25.000000	0.000000	0.000000	0	6	0
889	37	1	1	0.000000	12.000000	12.000000	0.000000	0.000000	0	4	0
890	7	1	2	0.000000	40.857143	28.714286	0.000000	0.000000	0	11	0
891	155	1	1	0.000000	11.206452	11.206452	0.000000	0.000000	0	11	0
892	2151	1	1	0.000000	12.841004	12.841004	0.000000	0.000000	0	81	0
893	1	1	1	0.000000	15.000000	15.000000	0.000000	0.000000	0	6	0
894	62	1	1	0.000000	12.500000	12.500000	0.000000	0.000000	0	7	0
895	17377	1	1	0.000000	12.531219	12.531219	0.000000	0.000000	0	602	0
896	30	1	1	0.000000	10.366667	10.366667	0.000000	0.000000	0	5	0
897	1	1	2	0.000000	26.000000	26.000000	0.000000	0.000000	0	9	0
898	37	1	1	0.000000	14.000000	14.000000	0.000000	0.000000	0	5	0
899	4302	1	1	0.000000	12.544630	12.544630	0.000000	0.000000	0	150	0
900	17743	1	1	0.000000	12.586259	12.586259	0.000000	0.000000	0	610	0
901	1	1	2	0.000000	29.000000	29.000000	0.000000	0.000000	0	10	0
902	97	2	1	0.000000	24.474227	17.123711	0.000000	0.000000	0	15	0
903	59	1	1	0.000000	13.338983	13.338983	0.000000	0.000000	0	7	0
904	91	1	1	0.000000	24.967033	17.626374	0.000000	0.000000	0	13	0
905	75	1	1	0.000000	14.133333	14.133333	0.000000	0.000000	0	7	0
906	6	1	2	0.000000	27.166667	27.166667	0.000000	0.000000	0	10	0
907	31	1	1	0.000000	36.225806	13.322581	0.000000	0.000000	0	17	0
908	75	1	1	0.000000	14.880000	14.880000	0.000000	0.000000	0	8	0
909	63	1	1	0.000000	14.793651	14.793651	0.000000	0.000000	0	8	0
910	21511	1	1	0.000000	12.585282	12.585282	0.000000	0.000000	0	738	0
911	2373	1	1	0.000000	12.380952	12.380952	0.000000	0.000000	0	80	0
912	76	1	1	0.000000	13.697368	13.697368	0.000000	0.000000	0	7	0
913	10	1	2	0.000000	26.400000	26.400000	0.000000	0.000000	0	7	0
914	38	1	1	0.000000	14.842105	14.842105	0.000000	0.000000	0	6	0
915	9628	1	1	0.000000	12.629310	12.625987	0.000000	0.000000	0	338	0
916	2	2	2	0.000000	26.000000	26.000000	0.000000	0.000000	0	14	0
917	2	2	1	0.000000	25.500000	25.500000	0.000000	0.000000	0	16	0
918	6	1	1	0.000000	11.166667	11.166667	0.000000	0.000000	0	6	0
919	5	2	2	0.000000	28.400000	28.400000	0.000000	0.000000	0	19	0
920	16602	1	1	0.000000	12.571377	12.571377	0.000000	0.000000	0	571	0
921	54	1	1	0.000000	12.333333	12.333333	0.000000	0.000000	0	7	0
922	5262	1	1	0.000000	12.442987	12.442987	0.000000	0.000000	0	186	0
923	4	2	1	0.000000	26.000000	26.000000	0.000000	0.000000	0	7	0
924	7990	1	1	0.000000	12.556821	12.556821	0.000000	0.000000	0	281	0
925	1	1	1	0.000000	17.000000	17.000000	0.000000	0.000000	0	6	0
926	2	2	1	0.000000	32.000000	32.000000	0.000000	0.000000	0	10	0
927	59	1	1	0.000000	14.118644	14.118644	0.000000	0.000000	0	8	0
928	2	2	1	0.000000	40.000000	40.000000	0.000000	0.000000	0	8	0
929	11911	1	1	0.000000	12.464277	12.464277	0.000000	0.000000	0	412	0
930	58	1	1	0.000000	14.379310	14.379310	0.000000	0.000000	0	7	0
931	41995	1	1	0.000000	12.561781	12.561781	0.000000	0.000000	0	1452	0
932	8	1	1	0.000000	16.750000	16.750000	0.000000	0.000000	0	5	0
933	1	1	2	0.000000	60.000000	37.000000	0.000000	0.000000	0	12	0
934	2	2	2	0.000000	103.500000	66.500000	0.000000	0.000000	0	34	0
935	1	1	2	0.000000	102.000000	65.000000	0.000000	0.000000	0	34	0
936	55	1	1	0.000000	12.236364	12.236364	0.000000	0.000000	0	7	0
937	15272	1	1	0.000000	12.558408	12.558408	0.000000	0.000000	0	528	0
938	10640	1	1	0.000000	12.549060	12.549060	0.000000	0.000000	0	367	0
939	16	2	2	0.000000	62.250000	62.250000	0.000000	0.000000	0	19	0
940	76	2	1	0.000000	21.973684	21.973684	0.000000	0.000000	0	13	0
941	9603	1	1	0.000000	12.610851	12.610851	0.000000	0.000000	0	332	0
942	2	2	2	0.000000	28.000000	28.000000	0.000000	0.000000	0	5	0
943	37	1	1	0.000000	11.648649	11.648649	0.000000	0.000000	0	5	0
944	15761	1	1	0.000000	12.530677	12.530677	0.000000	0.000000	0	545	0
945	670	1	1	0.000000	12.429851	12.429851	0.000000	0.000000	0	28	0
946	32311	1	1	0.000000	12.580948	12.579029	0.000000	0.000000	0	1115	0
947	1	1	2	0.000000	33.000000	33.000000	0.000000	0.000000	0	8	0
948	1532	1	1	0.000000	12.305483	12.305483	0.000000	0.000000	0	55	0
949	6	1	2	0.000000	23.666667	23.666667	0.000000	0.000000	0	13	0
950	21763	1	1	0.000000	12.553462	12.553462	0.000000	0.000000	0	751	0
951	42013	1	1	0.000000	12.557494	12.557494	0.000000	0.000000	0	1445	0
952	3	2	1	0.000000	27.000000	27.000000	0.000000	0.000000	0	7	0
953	618	1	1	0.000000	13.250809	13.250809	0.000000	0.000000	0	27	0
954	9	2	2	0.000000	24.333333	24.333333	0.000000	0.000000	0	13	0
955	320	1	1	0.000000	10.900000	10.900000	0.000000	0.000000	0	11	0
956	5	2	2	0.000000	22.200000	22.200000	0.000000	0.000000	0	11	0
957	16942	1	1	0.000000	12.608783	12.608783	0.000000	0.000000	0	585	0
958	1	3	2	0.000000	36.000000	36.000000	0.000000	0.000000	0	16	0
959	12474	1	1	0.000000	12.559885	12.556437	0.000000	0.000000	0	433	0
960	9	2	2	0.000000	38.000000	38.000000	0.000000	0.000000	0	19	0
961	3767	1	1	0.000000	12.536236	12.536236	0.000000	0.000000	0	129	0
962	9506	1	1	0.000000	12.574374	12.574374	0.000000	0.000000	0	330	0
963	1487	1	1	0.000000	12.343645	12.343645	0.000000	0.000000	0	57	0
964	34	1	2	0.000000	50.852941	46.088235	0.000000	0.000000	0	19	0
965	131	1	1	0.000000	39.908397	36.839695	0.000000	0.000000	0	19	0
966	15785	1	1	0.000000	12.528793	12.522775	0.000000	0.000000	0	553	0
967	66	1	1	0.000000	13.469697	13.469697	0.000000	0.000000	0	5	0
968	21151	1	1	0.000000	12.578271	12.578271	0.000000	0.000000	0	735	0
969	1	1	2	0.000000	24.000000	24.000000	0.000000	0.000000	0	5	0
970	63795	1	1	0.000000	12.504068	12.502782	0.000000	0.000000	0	2161	0
971	6	2	2	0.000000	34.333333	34.333333	0.000000	0.000000	0	4	0
972	2	1	1	0.000000	23.500000	23.500000	0.000000	0.000000	0	3	0
973	9087	1	1	0.000000	11.273358	11.273358	0.000000	0.000000	0	210	0
974	106	1	1	0.000000	11.169811	11.169811	0.000000	0.000000	0	4	0
975	63	1	1	0.000000	11.698413	11.698413	0.000000	0.000000	0	3	0
976	843	1	1	0.000000	11.220641	11.220641	0.000000	0.000000	0	97	0
977	732	2	1	0.000000	11.991803	11.991803	0.000000	0.000000	0	91	0
978	14	1	1	0.000000	3.000000	3.000000	0.000000	0.000000	0	3	0
979	13643	1	2	0.000000	12.356886	12.356886	0.000000	0.000000	0	456	0
980	225	1	1	0.000000	12.217778	12.217778	0.000000	0.000000	0	12	0
981	45205	1	1	0.000000	12.554740	12.554740	0.000000	0.000000	0	1556	0
982	299	1	2	0.000000	37.247492	29.127090	0.000000	0.000000	0	38	0
983	25	2	2	0.000000	46.680000	37.400000	0.000000	0.000000	0	12	0
984	104	2	1	0.000000	35.259615	16.615385	0.000000	0.000000	0	17	0
985	107	1	1	0.000000	23.897196	15.233645	0.000000	0.000000	0	8	0
986	16118	1	1	0.000000	12.543306	12.543306	0.000000	0.000000	0	558	0
987	9	1	1	0.000000	26.333333	26.333333	0.000000	0.000000	0	8	0
988	169	2	2	0.000000	35.863905	21.130178	0.000000	0.000000	0	21	0
989	10	1	1	0.000000	8.000000	8.000000	0.000000	0.000000	0	3	0
990	1	1	2	0.000000	23.000000	23.000000	0.000000	0.000000	0	8	0
991	1	2	1	0.000000	32.000000	32.000000	0.000000	0.000000	0	8	0
992	237	1	1	0.000000	14.358650	14.358650	0.000000	0.000000	0	12	0
993	11900	1	1	0.000000	12.604622	12.596891	0.000000	0.000000	0	412	0
994	1	1	2	0.000000	23.000000	20.000000	0.000000	0.000000	0	6	0
995	50529	1	1	0.000000	12.534802	12.531517	0.000000	0.000000	0	1755	0
996	44824	1	1	0.000000	12.560347	12.558964	0.000000	0.000000	0	1532	0
997	1	2	1	0.000000	23.000000	23.000000	0.000000	0.000000	0	12	0
998	26071	1	1	0.000000	12.581642	12.581642	0.000000	0.000000	0	904	0
999	4210	1	1	0.000000	12.424466	12.424466	0.000000	0.000000	0	152	0
1000	112	1	1	0.000000	13.223214	13.223214	0.000000	0.000000	0	10	0
1001	110	2	1	0.000000	12.418182	12.418182	0.000000	0.000000	0	6	0
1002	30	1	1	0.000000	5.833333	5.833333	0.000000	0.000000	0	3	0
1003	3119	1	2	0.000000	12.712408	12.712408	0.000000	0.000000	0	111	0
1004	119	2	2	0.000000	25.243697	18.848739	0.000000	0.000000	0	29	0
1005	385	1	1	0.000000	12.724675	12.724675	0.000000	0.000000	0	15	0
1006	290	1	2	0.000000	23.862069	23.862069	0.000000	0.000000	0	42	0
1007	102	1	1	0.000000	25.382353	25.382353	0.000000	0.000000	0	24	0
1008	3	2	2	0.000000	37.666667	37.666667	0.000000	0.000000	0	17	0
1009	1889	2	1	0.000000	24.539439	22.213870	0.000000	0.000000	0	225	0
1010	31396	1	1	0.000000	12.593005	12.593005	0.000000	0.000000	0	1076	0
1011	135	2	2	0.000000	39.762963	28.481481	0.000000	0.000000	0	22	0
1012	108	1	1	0.000000	14.092593	14.092593	0.000000	0.000000	0	9	0
1013	51	1	2	0.000000	29.215686	26.862745	0.000000	0.000000	0	12	0
1014	44	2	1	0.000000	20.454545	10.159091	0.000000	0.000000	0	12	0
1015	1039	1	1	0.000000	12.078922	12.078922	0.000000	0.000000	0	42	0
1016	2	2	1	0.000000	20.000000	20.000000	0.000000	0.000000	0	7	0
1017	82	1	1	0.000000	8.743902	8.743902	0.000000	0.000000	0	7	0
1018	57466	1	1	0.000000	12.598893	12.598893	0.000000	0.000000	0	1978	0
1019	124	1	1	0.000000	13.556452	13.556452	0.000000	0.000000	0	8	0
1020	30	1	2	0.000000	24.566667	17.400000	0.000000	0.000000	0	11	0
1021	2337	1	1	0.000000	12.658964	12.658964	0.000000	0.000000	0	84	0
1022	1977	1	1	0.000000	12.574608	12.574608	0.000000	0.000000	0	67	0
1023	4	2	2	0.000000	25.750000	25.750000	0.000000	0.000000	0	9	0
1024	13096	1	1	0.000000	12.579337	12.575748	0.000000	0.000000	0	453	0
1025	1897	1	1	0.000000	12.341592	12.341592	0.000000	0.000000	0	70	0
1026	6	2	2	0.000000	20.500000	20.500000	0.000000	0.000000	0	14	0
1027	643	1	1	0.000000	12.819596	12.819596	0.000000	0.000000	0	28	0
1028	10	2	2	0.000000	22.300000	22.300000	0.000000	0.000000	0	11	0
1029	1455	1	1	0.000000	12.545704	12.545704	0.000000	0.000000	0	54	0
1030	53	1	1	0.000000	11.433962	11.433962	0.000000	0.000000	0	3	0
1031	25	1	2	0.000000	22.600000	22.600000	0.000000	0.000000	0	7	0
1032	18332	1	1	0.000000	12.585424	12.585424	0.000000	0.000000	0	635	0
1033	60609	1	1	0.000000	12.578528	12.578528	0.000000	0.000000	0	2085	0
1034	424	1	1	0.000000	12.896226	12.896226	0.000000	0.000000	0	20	0
1035	303	1	1	0.000000	13.092409	13.092409	0.000000	0.000000	0	13	0
1036	514	1	1	0.000000	12.988327	12.988327	0.000000	0.000000	0	23	0
1037	14	2	2	0.000000	28.714286	28.714286	0.000000	0.000000	0	16	0
1038	4123	1	1	0.000000	12.524375	12.524375	0.000000	0.000000	0	139	0
1039	335	1	1	0.000000	12.817910	12.817910	0.000000	0.000000	0	16	0
1040	8980	1	1	0.000000	12.571158	12.564254	0.000000	0.000000	0	314	0
1041	35920	1	1	0.000000	12.567261	12.564588	0.000000	0.000000	0	1233	0
1042	3980	1	1	0.000000	12.405779	12.405779	0.000000	0.000000	0	136	0
1043	64	1	1	0.000000	13.218750	13.218750	0.000000	0.000000	0	7	0
1044	5	2	2	0.000000	30.000000	30.000000	0.000000	0.000000	0	10	0
1045	2	1	1	0.000000	15.000000	15.000000	0.000000	0.000000	0	5	0
1046	2	2	1	0.000000	27.500000	27.500000	0.000000	0.000000	0	8	0
1047	17115	1	1	0.000000	12.555595	12.555595	0.000000	0.000000	0	599	0
1048	10	2	3	0.000000	57.100000	26.500000	0.000000	0.000000	0	16	0
1049	55	2	1	0.000000	44.690909	28.254545	0.000000	0.000000	0	14	0
1050	31	1	1	0.000000	26.000000	17.322581	0.000000	0.000000	0	10	0
1051	127	1	1	0.000000	12.220472	12.220472	0.000000	0.000000	0	7	0
1052	37434	1	1	0.000000	12.606294	12.605466	0.000000	0.000000	0	1294	0
1053	68	1	1	0.000000	10.779412	10.779412	0.000000	0.000000	0	5	0
1054	13	2	2	0.000000	22.846154	22.846154	0.000000	0.000000	0	7	0
1055	33633	1	1	0.000000	12.543633	12.543633	0.000000	0.000000	0	1158	0
1056	22596	1	1	0.000000	13.647947	13.647947	0.000000	0.000000	0	998	0
1057	1	2	2	0.000000	33.000000	33.000000	0.000000	0.000000	0	22	0
1058	1	2	1	0.000000	21.000000	21.000000	0.000000	0.000000	0	5	0
1059	13423	1	1	0.000000	12.523355	12.521046	0.000000	0.000000	0	462	0
1060	37	2	1	0.000000	27.864865	16.297297	0.000000	0.000000	0	11	0
1061	9	1	1	0.000000	15.222222	15.222222	0.000000	0.000000	0	5	0
1062	1	1	2	0.000000	22.000000	22.000000	0.000000	0.000000	0	11	0
1063	55	1	1	0.000000	49.145455	12.727273	0.000000	0.000000	0	17	0
1064	2	2	1	0.000000	34.500000	34.500000	0.000000	0.000000	0	19	0
1065	3	2	1	0.000000	23.333333	23.333333	0.000000	0.000000	0	12	0
1066	64	1	1	0.000000	8.703125	8.703125	0.000000	0.000000	0	5	0
1067	10	1	2	0.000000	46.200000	24.600000	0.000000	0.000000	0	14	0
1068	44	1	1	0.000000	40.250000	15.159091	0.000000	0.000000	0	20	0
1069	2	1	1	0.000000	6.500000	6.500000	0.000000	0.000000	0	2	0
1070	11	1	1	0.000000	9.000000	9.000000	0.000000	0.000000	0	2	0
1071	6	1	1	0.000000	31.500000	11.166667	0.000000	0.000000	0	11	0
1072	4	2	2	0.000000	24.750000	24.750000	0.000000	0.000000	0	7	0
1073	6	2	2	0.000000	28.333333	28.333333	0.000000	0.000000	0	13	0
1074	8	2	2	0.000000	22.250000	22.250000	0.000000	0.000000	0	6	0
1075	1	2	1	0.000000	35.000000	35.000000	0.000000	0.000000	0	17	0
1076	58	1	1	0.000000	12.327586	12.327586	0.000000	0.000000	0	4	0
1077	1	2	2	0.000000	41.000000	14.000000	0.000000	0.000000	0	13	0
1078	4	2	1	0.000000	21.500000	21.500000	0.000000	0.000000	0	10	0
1079	4	1	2	0.000000	17.500000	17.500000	0.000000	0.000000	0	4	0
1080	10	3	1	0.000000	65.400000	31.900000	0.000000	0.000000	0	22	0
1081	14	1	1	0.000000	77.142857	12.571429	0.000000	0.000000	0	11	0
1082	1	2	2	0.000000	27.000000	27.000000	0.000000	0.000000	0	6	0
1083	60	1	1	0.000000	12.583333	12.583333	0.000000	0.000000	0	5	0
1084	1	2	1	0.000000	24.000000	24.000000	0.000000	0.000000	0	10	0
1085	50	1	1	0.000000	12.020000	12.020000	0.000000	0.000000	0	6	0
1086	1	2	1	0.000000	23.000000	23.000000	0.000000	0.000000	0	4	0
1087	53	1	1	0.000000	11.207547	11.207547	0.000000	0.000000	0	5	0
1088	4	2	2	0.000000	26.250000	26.250000	0.000000	0.000000	0	6	0
1089	2	1	2	0.000000	26.000000	26.000000	0.000000	0.000000	0	15	0
1090	1	1	1	0.000000	13.000000	13.000000	0.000000	0.000000	0	4	0
1091	60	1	1	0.000000	14.300000	14.300000	0.000000	0.000000	0	5	0
1092	57	1	1	0.000000	11.491228	11.491228	0.000000	0.000000	0	4	0
1093	2	1	1	0.000000	15.000000	15.000000	0.000000	0.000000	0	5	0
1094	1	1	2	0.000000	27.000000	27.000000	0.000000	0.000000	0	14	0
1095	1	2	1	0.000000	203.000000	12.000000	0.000000	0.000000	0	47	0
1096	5	1	2	0.000000	102.000000	13.800000	0.000000	0.000000	0	33	0
1097	1	2	1	0.000000	24.000000	24.000000	0.000000	0.000000	0	8	0
1098	84	2	2	0.000000	23.309524	18.726190	0.000000	0.000000	0	15	0
1099	61	1	1	0.000000	13.885246	13.885246	0.000000	0.000000	0	6	0
1100	1	2	1	0.000000	36.000000	36.000000	0.000000	0.000000	0	16	0
1101	1	2	1	0.000000	22.000000	22.000000	0.000000	0.000000	0	12	0
1102	10	1	1	0.000000	12.500000	12.500000	0.000000	0.000000	0	4	0
1103	5	2	2	0.000000	27.200000	27.200000	0.000000	0.000000	0	7	0
1104	16	1	1	0.000000	12.250000	12.250000	0.000000	0.000000	0	3	0
1105	4	1	2	0.000000	16.250000	16.250000	0.000000	0.000000	0	4	0
1106	1	2	1	0.000000	15.000000	15.000000	0.000000	0.000000	0	3	0
1107	3	2	2	0.000000	26.333333	26.333333	0.000000	0.000000	0	16	0
1108	7	2	2	0.000000	27.285714	27.285714	0.000000	0.000000	0	14	0
1109	1	1	3	0.000000	190.000000	23.000000	0.000000	0.000000	0	74	0
1110	37	1	1	0.000000	9.135135	9.135135	0.000000	0.000000	0	4	0
1111	36	1	1	0.000000	13.666667	13.666667	0.000000	0.000000	0	5	0
1112	13	1	1	0.000000	10.000000	10.000000	0.000000	0.000000	0	2	0
1113	61	1	1	0.000000	12.721311	12.721311	0.000000	0.000000	0	6	0
1114	13	1	1	0.000000	13.307692	13.307692	0.000000	0.000000	0	4	0
1115	24	1	2	0.000000	22.958333	18.416667	0.000000	0.000000	0	6	0
1116	102	1	1	0.000000	12.411765	12.411765	0.000000	0.000000	0	6	0
1117	9	1	1	0.000000	92.888889	8.666667	0.000000	0.000000	0	18	0
1118	106	1	1	0.000000	25.452830	22.905660	0.000000	0.000000	0	16	0
1119	2	2	1	0.000000	21.500000	21.500000	0.000000	0.000000	0	11	0
1120	1	2	1	0.000000	25.000000	25.000000	0.000000	0.000000	0	14	0
1121	1	1	1	0.000000	14.000000	14.000000	0.000000	0.000000	0	4	0
1122	45	1	1	0.000000	15.333333	15.333333	0.000000	0.000000	0	3	0
1123	16	2	1	0.000000	32.125000	32.125000	0.000000	0.000000	0	8	0
1124	45	1	1	0.000000	9.177778	9.177778	0.000000	0.000000	0	5	0
1125	11	2	2	0.000000	19.181818	19.181818	0.000000	0.000000	0	10	0
1126	94	1	1	0.000000	12.404255	12.404255	0.000000	0.000000	0	5	0
1127	64	1	1	0.000000	15.156250	15.156250	0.000000	0.000000	0	5	0
1128	1	2	1	0.000000	20.000000	20.000000	0.000000	0.000000	0	4	0
1129	72	1	1	0.000000	11.472222	11.472222	0.000000	0.000000	0	4	0
1130	37	1	1	0.000000	4.351351	4.351351	0.000000	0.000000	0	2	0
1131	36	1	1	0.000000	3.333333	3.333333	0.000000	0.000000	0	2	0
1132	4224	1	2	0.000000	12.646307	12.643939	0.000000	0.000000	0	151	0
1133	34	1	1	0.000000	13.911765	13.911765	0.000000	0.000000	0	4	0
1134	110	1	1	0.000000	12.345455	12.345455	0.000000	0.000000	0	4	0
1135	21	1	1	0.000000	5.571429	5.571429	0.000000	0.000000	0	2	0
1136	57	1	1	0.000000	9.877193	9.877193	0.000000	0.000000	0	2	0
1137	6	2	1	0.000000	20.166667	20.166667	0.000000	0.000000	0	6	0
1138	38	1	1	0.000000	9.631579	9.631579	0.000000	0.000000	0	3	0
1139	8	2	1	0.000000	148.000000	12.625000	0.000000	0.000000	0	93	0
1140	38	1	1	0.000000	14.210526	14.210526	0.000000	0.000000	0	4	0
1141	10	1	1	0.000000	10.300000	10.300000	0.000000	0.000000	0	4	0
1142	55	1	1	0.000000	15.636364	15.636364	0.000000	0.000000	0	4	0
1143	1	1	1	0.000000	12.000000	12.000000	0.000000	0.000000	0	10	0
1144	39	1	1	0.000000	4.538462	4.538462	0.000000	0.000000	0	7	0
1145	1	2	1	0.000000	148.000000	14.000000	0.000000	0.000000	0	17	0
1146	53	1	1	0.000000	12.754717	12.754717	0.000000	0.000000	0	14	0
1147	25	1	2	0.000000	7.640000	7.640000	0.000000	0.000000	0	12	0
1148	34	1	1	0.000000	3.000000	3.000000	0.000000	0.000000	0	3	0
1149	27	1	1	0.000000	10.148148	5.444444	0.000000	0.000000	0	7	0
1150	10	1	1	0.000000	3.200000	3.200000	0.000000	0.000000	0	4	0
1151	28	1	1	0.000000	4.071429	4.071429	0.000000	0.000000	0	5	0
1152	1	2	1	0.000000	6.000000	6.000000	0.000000	0.000000	0	4	0
